6-4-2017-16-25-9 573.210 409.070 329.650 529.450
6-14-2017-14-55-32 0.000 207.210 74.100 53.130
6-14-2017-14-56-32 0.010 208.210 71.250 51.530
6-14-2017-14-57-32 0.060 212.690 70.340 58.130
6-14-2017-14-58-32 0.100 212.910 63.220 58.690
6-14-2017-14-59-32 0.020 210.720 57.430 60.800
6-14-2017-15-0-33 0.190 212.340 58.770 66.980
6-14-2017-15-1-33 0.210 212.190 55.980 71.740
6-14-2017-15-2-33 1.350 214.490 61.250 65.100
6-14-2017-15-3-33 0.070 211.510 64.120 67.120
6-14-2017-15-4-33 0.000 206.090 62.460 80.010
6-14-2017-15-5-33 0.000 207.700 60.750 66.240
6-14-2017-15-6-33 0.020 209.990 69.500 60.010
6-14-2017-15-7-33 0.000 210.100 70.490 55.060
6-14-2017-15-8-33 0.010 209.630 67.230 41.710
6-14-2017-15-9-33 0.010 210.330 65.660 50.960
6-14-2017-15-10-33 0.030 211.790 65.120 56.680
6-14-2017-15-11-33 0.050 208.770 58.650 55.010
6-14-2017-15-12-34 0.070 211.900 58.490 57.050
6-14-2017-15-13-34 0.000 208.200 60.210 61.410
6-14-2017-15-14-34 0.680 211.930 59.710 59.380
6-14-2017-15-15-34 0.000 207.040 58.710 59.520
6-14-2017-15-16-34 0.000 203.870 58.590 59.260
6-14-2017-15-17-34 0.000 204.220 59.570 58.900
6-14-2017-15-18-34 0.000 207.070 60.270 60.160
6-14-2017-15-19-34 0.000 207.750 58.050 70.540
6-14-2017-15-20-34 0.160 211.740 63.010 69.470
6-14-2017-15-21-34 0.160 211.820 62.380 71.320
6-14-2017-15-22-34 2.200 214.910 58.900 73.460
6-14-2017-15-23-34 0.190 212.510 56.810 60.740
6-14-2017-15-24-34 0.060 211.050 59.050 67.590
6-14-2017-15-25-34 0.010 208.400 61.570 63.220
6-14-2017-15-26-34 14.020 202.920 58.610 53.360
6-14-2017-15-27-34 57.310 202.850 58.620 49.970
6-14-2017-15-28-34 68.560 202.740 60.510 56.420
6-14-2017-15-29-34 66.120 205.130 57.880 49.480
6-14-2017-15-30-34 58.090 205.340 61.060 51.670
6-14-2017-15-31-34 47.390 204.810 59.750 57.720
6-14-2017-15-32-35 43.220 209.570 58.730 57.760
6-14-2017-15-33-35 36.480 211.490 61.860 53.830
6-14-2017-15-34-35 27.800 210.500 61.220 47.490
6-14-2017-15-35-35 22.180 212.160 67.760 47.160
6-14-2017-15-36-35 16.990 213.740 61.730 43.240
6-14-2017-15-37-35 10.250 212.880 64.550 52.220
6-14-2017-15-38-35 5.220 212.940 65.520 58.170
6-14-2017-15-39-35 4.870 216.240 66.980 57.640
6-14-2017-15-40-35 2.270 216.080 67.670 53.200
6-14-2017-15-41-35 3.410 219.790 66.270 49.330
6-14-2017-15-42-35 0.710 217.180 64.060 43.610
6-14-2017-15-43-35 0.180 218.670 62.720 47.360
6-14-2017-15-44-35 0.060 218.490 56.270 54.420
6-14-2017-15-45-35 0.050 218.730 60.420 54.890
6-14-2017-15-46-35 0.050 218.470 67.660 61.530
6-14-2017-15-47-35 0.510 222.710 66.190 54.910
6-14-2017-15-48-35 0.000 219.970 67.160 65.100
6-14-2017-15-49-35 0.040 222.240 75.820 60.070
6-14-2017-15-50-35 0.000 219.870 71.470 64.480
6-14-2017-15-51-35 0.050 224.250 72.590 66.830
6-14-2017-15-52-35 0.280 224.680 81.840 67.630
6-14-2017-15-53-35 0.000 217.730 82.700 65.870
6-14-2017-15-54-35 0.000 223.450 84.660 57.260
6-14-2017-15-55-35 0.000 221.050 83.190 60.320
6-14-2017-15-56-35 0.000 216.470 81.590 59.310
6-14-2017-15-57-35 0.000 217.990 87.650 56.910
6-14-2017-15-58-35 0.000 219.600 92.840 59.040
6-14-2017-15-59-35 0.000 218.390 92.080 56.950
6-14-2017-16-0-35 0.000 222.700 85.640 66.570
6-14-2017-16-1-36 0.000 223.590 79.030 66.170
6-14-2017-16-2-36 0.000 223.380 71.970 64.970
6-14-2017-16-3-36 0.010 228.680 67.450 63.230
6-14-2017-16-4-36 0.000 227.090 66.880 66.940
6-14-2017-16-5-36 0.000 225.540 66.610 65.980
6-14-2017-16-6-36 0.010 227.940 65.920 68.330
6-14-2017-16-7-36 0.000 228.700 72.000 66.850
6-14-2017-16-8-36 0.010 229.610 76.660 66.170
6-14-2017-16-9-36 0.010 228.060 69.490 65.850
6-14-2017-16-10-36 0.000 228.130 71.050 64.270
6-14-2017-16-11-36 0.000 228.710 73.380 63.840
6-14-2017-16-12-36 0.050 231.840 76.450 68.320
6-14-2017-16-13-36 0.060 231.600 72.350 69.760
6-14-2017-16-14-36 0.000 229.640 73.960 62.090
6-14-2017-16-15-36 0.010 229.310 73.330 63.890
6-14-2017-16-16-36 0.000 228.750 71.560 63.720
6-14-2017-16-17-36 0.000 230.190 71.350 66.180
6-14-2017-16-18-36 0.000 227.400 67.390 61.860
6-14-2017-16-19-36 0.000 225.910 69.240 55.560
6-14-2017-16-20-37 0.000 224.260 68.660 56.740
6-14-2017-16-21-37 0.000 222.520 65.140 57.700
6-14-2017-16-22-37 0.000 222.180 61.650 59.200
6-14-2017-16-23-37 0.000 224.070 64.300 60.250
6-14-2017-16-24-37 0.000 223.870 64.820 60.140
6-14-2017-16-25-37 0.000 221.800 62.500 64.460
6-14-2017-16-26-37 0.000 222.450 63.410 57.420
6-14-2017-16-27-37 0.000 225.160 64.940 55.230
6-14-2017-16-28-37 0.000 222.970 59.110 59.260
6-14-2017-16-29-37 0.010 230.320 66.330 59.240
6-14-2017-16-30-37 0.000 228.790 69.760 58.650
6-14-2017-16-31-37 0.000 227.420 68.540 56.030
6-14-2017-16-32-37 0.000 228.160 67.690 56.080
6-14-2017-16-33-37 0.000 229.450 70.180 57.280
6-14-2017-16-34-37 0.000 230.110 68.930 49.980
6-14-2017-16-35-37 0.000 223.440 68.640 56.950
6-14-2017-16-36-37 0.000 223.070 71.770 53.830
6-14-2017-16-37-37 0.000 222.370 70.960 49.350
6-14-2017-16-38-37 0.000 228.570 73.680 49.050
6-14-2017-16-39-37 0.000 226.250 71.310 52.310
6-14-2017-16-40-37 0.000 228.460 72.140 50.690
6-14-2017-16-41-37 0.000 232.250 71.330 40.910
6-14-2017-16-42-37 0.000 231.530 70.370 44.590
6-14-2017-16-43-37 0.000 229.920 71.060 49.010
6-14-2017-16-44-37 0.000 229.320 71.670 53.910
6-14-2017-16-45-37 0.000 229.060 73.470 51.850
6-14-2017-16-46-37 0.000 226.140 71.000 51.740
6-14-2017-16-47-37 0.000 222.270 64.450 56.160
6-14-2017-16-48-37 0.000 216.070 65.960 50.170
6-14-2017-16-49-37 0.000 219.950 66.850 53.380
6-14-2017-16-50-37 0.000 220.720 65.430 57.360
6-14-2017-16-51-37 0.000 218.640 66.340 53.990
6-14-2017-16-52-37 0.000 218.410 66.950 55.090
6-14-2017-16-53-37 0.000 221.170 72.620 52.810
6-14-2017-16-54-37 0.000 221.170 68.040 60.140
6-14-2017-16-55-37 0.000 223.740 60.650 58.900
6-14-2017-16-56-37 0.000 218.610 59.420 66.450
6-14-2017-16-57-37 0.000 220.850 66.510 66.770
6-14-2017-16-58-37 0.000 219.780 70.740 57.740
6-14-2017-16-59-37 0.000 220.020 69.470 58.210
6-14-2017-17-0-37 0.000 221.150 10.490 58.960
6-14-2017-17-1-37 0.000 226.360 1.320 59.530
6-14-2017-17-2-37 0.000 231.000 2.460 47.490
6-14-2017-17-3-37 0.000 230.460 9.640 45.110
6-14-2017-17-4-37 0.000 221.740 4.170 51.570
6-14-2017-17-5-38 0.000 228.780 10.750 50.400
6-14-2017-17-6-38 0.000 226.330 20.090 46.840
6-14-2017-17-7-38 0.000 224.640 24.690 44.060
6-14-2017-17-8-38 0.000 226.140 25.560 48.850
6-14-2017-17-9-38 0.000 224.780 31.200 46.420
6-14-2017-17-10-38 0.000 226.570 27.560 44.770
6-14-2017-17-11-38 0.000 230.800 27.310 43.740
6-14-2017-17-12-38 0.000 230.490 23.070 43.690
6-14-2017-17-13-38 0.000 231.510 30.460 45.880
6-14-2017-17-14-38 0.090 233.360 34.450 45.340
6-14-2017-17-15-38 0.000 227.770 38.340 38.970
6-14-2017-17-16-38 0.000 231.270 29.040 39.730
6-14-2017-17-17-38 0.000 229.700 29.630 41.210
6-14-2017-17-18-38 0.000 230.590 30.930 42.840
6-14-2017-17-19-38 0.060 234.000 34.140 47.220
6-14-2017-17-20-38 0.050 232.540 42.240 50.080
6-14-2017-17-21-38 0.000 230.130 39.370 45.750
6-14-2017-17-22-38 0.000 227.480 30.140 37.010
6-14-2017-17-23-38 0.000 224.040 19.230 40.990
6-14-2017-17-24-38 0.000 222.940 24.760 47.930
6-14-2017-17-25-38 0.000 224.640 34.450 55.170
6-14-2017-17-26-38 0.000 225.570 44.780 54.260
6-14-2017-17-27-38 0.000 228.070 37.460 46.370
6-14-2017-17-28-38 0.000 226.090 40.920 51.040
6-14-2017-17-29-38 0.000 222.890 38.760 59.570
6-14-2017-17-30-38 0.000 223.010 50.820 57.360
6-14-2017-17-31-38 0.000 222.590 49.150 58.940
6-14-2017-17-32-38 0.000 217.850 53.120 51.750
6-14-2017-17-33-38 0.000 221.350 58.450 44.300
6-14-2017-17-34-39 0.000 222.020 61.580 51.730
6-14-2017-17-35-39 0.000 217.310 64.980 60.960
6-14-2017-17-36-39 0.000 219.420 56.290 52.500
6-14-2017-17-37-39 0.000 218.560 58.710 47.370
6-14-2017-17-38-39 0.000 213.880 63.850 42.170
6-14-2017-17-39-39 0.000 214.230 71.150 41.460
6-14-2017-17-40-39 0.000 213.090 70.710 45.380
6-14-2017-17-41-39 0.000 210.620 70.630 54.360
6-14-2017-17-42-39 0.000 212.720 70.700 55.570
6-14-2017-17-43-39 0.000 218.640 74.140 45.630
6-14-2017-17-44-39 0.000 218.030 68.470 52.190
6-14-2017-17-45-39 0.000 220.600 78.970 54.310
6-14-2017-17-46-39 0.000 221.290 82.380 59.520
6-14-2017-17-47-40 0.000 214.390 82.310 64.440
6-14-2017-17-48-40 0.000 205.520 76.410 61.420
6-14-2017-17-49-40 0.000 207.590 79.400 78.300
6-14-2017-17-50-40 0.000 206.990 73.380 71.370
6-14-2017-17-51-40 0.000 211.170 73.630 73.200
6-14-2017-17-52-40 0.000 213.570 73.640 67.990
6-14-2017-17-53-40 0.000 220.130 79.800 66.630
6-14-2017-17-54-40 0.000 224.930 83.390 70.220
6-14-2017-17-55-40 0.000 227.380 84.570 63.550
6-14-2017-17-56-40 0.000 225.900 85.970 54.900
6-14-2017-17-57-40 0.000 226.790 81.970 56.400
6-14-2017-17-58-40 0.000 227.550 85.480 61.340
6-14-2017-17-59-40 0.000 221.010 81.470 47.210
6-14-2017-18-0-40 0.000 221.300 80.690 34.050
6-14-2017-18-1-40 0.000 219.170 86.640 40.690
6-14-2017-18-2-40 0.000 216.530 88.870 44.770
6-14-2017-18-3-40 0.000 216.040 88.240 55.510
6-14-2017-18-4-40 0.000 211.590 89.280 52.580
6-14-2017-18-5-41 0.000 208.670 83.500 44.310
6-14-2017-18-6-41 0.000 211.610 94.700 47.460
6-14-2017-18-7-41 0.000 208.640 94.940 43.900
6-14-2017-18-8-41 0.000 211.400 93.470 44.990
6-14-2017-18-9-41 0.000 209.580 94.000 47.080
6-14-2017-18-10-41 0.000 211.030 90.820 42.480
6-14-2017-18-11-41 0.000 217.960 96.930 41.780
6-14-2017-18-12-41 0.000 219.890 99.390 46.500
6-14-2017-18-13-41 0.000 221.000 101.130 47.720
6-14-2017-18-14-41 0.000 219.400 106.360 46.260
6-14-2017-18-15-41 0.000 225.580 108.960 53.500
6-14-2017-18-16-41 0.000 225.040 113.550 43.520
6-14-2017-18-17-41 0.000 224.510 111.820 41.150
6-14-2017-18-18-41 0.000 227.570 106.710 45.740
6-14-2017-18-19-41 0.010 230.220 107.030 43.740
6-14-2017-18-20-41 0.000 229.730 107.320 41.080
6-14-2017-18-21-41 0.000 228.840 105.970 44.950
6-14-2017-18-22-41 0.000 225.350 102.000 45.050
6-14-2017-18-23-41 0.000 219.270 94.660 53.100
6-14-2017-18-24-41 0.000 220.180 103.680 51.610
6-14-2017-18-25-41 0.000 214.100 107.880 48.280
6-14-2017-18-26-41 0.000 213.090 109.140 47.360
6-14-2017-18-27-41 0.000 210.190 108.750 43.360
6-14-2017-18-28-41 0.000 209.940 111.450 46.150
6-14-2017-18-29-41 0.000 206.270 118.470 47.600
6-14-2017-18-30-41 0.000 206.180 116.210 48.240
6-14-2017-18-31-41 0.000 205.200 117.180 40.690
6-14-2017-18-32-41 0.000 202.370 110.440 41.540
6-14-2017-18-33-41 0.000 201.030 103.500 44.930
6-14-2017-18-34-41 0.000 199.660 105.660 46.620
6-14-2017-18-35-41 0.000 205.990 108.040 52.420
6-14-2017-18-36-42 0.000 203.490 108.410 49.300
6-14-2017-18-37-42 0.000 205.430 105.310 53.260
6-14-2017-18-38-42 0.000 206.140 104.380 53.500
6-14-2017-18-39-42 0.000 207.920 101.870 51.850
6-14-2017-18-40-42 0.000 208.240 106.340 46.860
6-14-2017-18-41-42 0.000 204.950 97.640 48.700
6-14-2017-18-42-42 0.000 205.170 107.950 43.670
6-14-2017-18-43-42 0.000 209.290 112.950 51.470
6-14-2017-18-44-42 0.000 208.360 106.930 46.530
6-14-2017-18-45-42 0.000 208.920 108.180 45.820
6-14-2017-18-46-42 0.000 210.090 108.480 45.240
6-14-2017-18-47-42 0.000 212.400 109.490 43.440
6-14-2017-18-48-42 0.000 210.100 114.800 51.770
6-14-2017-18-49-42 0.000 213.800 112.810 53.230
6-14-2017-18-50-42 0.000 214.400 112.580 54.970
6-14-2017-18-51-42 0.000 211.570 112.900 52.360
6-14-2017-18-52-42 0.000 215.390 111.430 48.600
6-14-2017-18-53-42 0.000 212.090 112.440 43.430
6-14-2017-18-54-42 0.000 212.240 107.510 37.830
6-14-2017-18-55-42 0.000 210.640 105.970 39.080
6-14-2017-18-56-42 0.000 207.910 104.730 41.500
6-14-2017-18-57-43 0.000 208.080 101.540 44.460
6-14-2017-18-58-42 0.000 205.510 105.550 49.290
6-14-2017-18-59-43 0.000 203.310 99.430 52.180
6-14-2017-19-0-42 0.000 204.320 100.150 51.250
6-14-2017-19-1-43 0.000 205.700 102.710 52.050
6-14-2017-19-2-43 0.000 203.920 97.970 56.620
6-14-2017-19-3-43 0.000 202.130 98.630 47.700
6-14-2017-19-4-43 0.000 201.020 90.150 40.120
6-14-2017-19-5-43 0.000 202.840 97.390 41.640
6-14-2017-19-6-43 0.000 204.180 94.590 44.880
6-14-2017-19-7-43 0.000 202.120 92.750 49.040
6-14-2017-19-8-43 0.000 208.170 100.460 51.860
6-14-2017-19-9-43 0.000 208.840 100.570 55.010
6-14-2017-19-10-43 0.000 206.710 104.390 58.670
6-14-2017-19-11-43 0.000 204.070 98.920 61.560
6-14-2017-19-12-43 0.000 205.210 95.220 61.460
6-14-2017-19-13-43 0.000 208.170 95.410 54.360
6-14-2017-19-14-43 0.000 209.940 97.740 56.690
6-14-2017-19-15-43 0.000 208.180 95.370 56.180
6-14-2017-19-16-43 0.000 207.300 90.220 55.050
6-14-2017-19-17-43 0.000 208.300 93.170 58.340
6-14-2017-19-18-43 0.000 206.210 90.400 54.370
6-14-2017-19-19-43 0.000 206.930 90.830 55.530
6-14-2017-19-20-43 0.000 210.570 92.660 59.250
6-14-2017-19-21-43 0.000 206.320 88.150 54.320
6-4-2017-16-25-9 573.210 409.070 329.650 529.450
6-4-2017-16-25-9 573.210 409.070 329.650 529.450
6-4-2017-16-25-9 573.210 409.070 329.650 529.450
