6-4-2017-16-25-9 573.210 409.070 329.650 529.450
6-13-2017-14-30-18 16.120 270.470 60.080 185.030
6-13-2017-14-31-18 37.030 327.200 8.760 176.150
6-13-2017-14-32-18 37.290 326.960 6.020 177.320
6-13-2017-14-33-18 35.760 326.630 7.290 174.680
6-13-2017-14-34-18 35.520 326.710 8.520 174.380
6-13-2017-14-35-18 36.570 326.930 7.730 179.610
6-13-2017-14-36-18 36.630 325.820 8.580 180.690
6-13-2017-14-37-18 36.230 324.040 5.270 180.880
6-13-2017-14-38-18 35.110 323.380 4.380 179.770
6-13-2017-14-39-18 34.690 323.190 7.660 176.320
6-13-2017-14-40-18 34.750 322.390 11.660 179.350
6-13-2017-14-41-18 35.280 320.800 6.460 185.200
6-13-2017-14-42-18 34.790 320.160 12.740 179.450
6-13-2017-14-43-19 34.790 319.340 11.320 173.450
6-13-2017-14-44-19 34.110 319.070 12.980 176.750
6-13-2017-14-45-19 34.470 318.670 11.780 174.970
6-13-2017-14-46-19 34.300 318.730 10.370 171.620
6-13-2017-14-47-19 33.260 318.090 8.970 173.270
6-13-2017-14-48-19 32.780 318.210 6.570 177.620
6-13-2017-14-49-19 32.260 318.250 7.260 172.870
6-13-2017-14-50-19 33.660 318.330 8.820 181.260
6-13-2017-14-51-19 33.110 318.070 16.700 176.590
6-13-2017-14-52-20 30.900 317.220 15.810 175.320
6-13-2017-14-53-20 32.840 316.280 15.480 173.890
6-13-2017-14-54-20 30.440 314.580 6.670 170.770
6-13-2017-14-55-20 29.680 313.470 10.760 172.770
6-13-2017-14-56-20 29.360 313.220 7.770 171.650
6-13-2017-14-57-20 29.170 313.060 8.680 175.310
6-13-2017-14-58-20 29.530 313.040 6.870 171.690
6-13-2017-14-59-20 28.920 312.810 9.790 170.700
6-13-2017-15-0-20 25.290 309.900 5.730 170.900
6-13-2017-15-1-20 24.940 309.070 11.230 176.520
6-13-2017-15-2-20 26.440 308.110 11.760 177.530
6-13-2017-15-3-20 26.620 308.070 4.250 181.410
6-13-2017-15-4-21 26.580 308.050 2.130 174.460
6-13-2017-15-5-21 27.410 308.390 10.130 169.650
6-13-2017-15-6-21 25.670 308.020 2.560 171.420
6-13-2017-15-7-21 27.070 307.970 7.560 169.670
6-13-2017-15-8-21 27.180 307.820 6.350 173.110
6-13-2017-15-9-21 28.600 307.510 2.620 175.570
6-13-2017-15-10-21 28.910 307.950 6.880 172.610
6-13-2017-15-11-21 26.040 307.510 6.820 169.740
6-13-2017-15-12-21 27.780 307.950 11.000 171.190
6-13-2017-15-13-21 26.390 307.910 9.730 176.050
6-13-2017-15-14-21 26.880 308.070 2.330 170.880
6-13-2017-15-15-21 25.780 307.910 8.270 168.240
6-13-2017-15-16-21 26.350 307.280 11.230 168.510
6-13-2017-15-17-21 25.680 304.510 10.800 168.830
6-13-2017-15-18-21 25.940 304.300 12.150 171.390
6-13-2017-15-19-22 23.210 302.820 5.150 171.160
6-13-2017-15-20-22 23.430 302.920 6.230 171.100
6-13-2017-15-21-22 24.420 303.410 9.610 170.140
6-13-2017-15-22-22 24.690 303.170 7.710 171.830
6-13-2017-15-23-22 25.080 302.890 7.520 168.170
6-13-2017-15-24-22 24.490 302.460 9.670 168.510
6-13-2017-15-25-22 24.370 301.510 13.330 170.640
6-13-2017-15-26-22 22.310 298.340 17.810 166.840
6-13-2017-15-27-22 21.890 297.930 13.580 177.330
6-13-2017-15-28-22 22.250 298.020 13.550 175.490
6-13-2017-15-29-22 23.760 298.410 13.910 175.650
6-13-2017-15-30-23 23.820 298.120 13.070 174.990
6-13-2017-15-31-23 23.410 297.780 12.370 177.530
6-13-2017-15-32-23 22.140 296.990 17.370 170.510
6-13-2017-15-33-23 23.450 298.700 19.180 167.630
6-13-2017-15-34-23 21.790 296.050 21.740 168.330
6-13-2017-15-35-23 24.300 298.320 19.890 168.820
6-13-2017-15-36-23 25.070 298.080 19.050 171.460
6-13-2017-15-37-23 23.570 294.690 19.000 167.460
6-13-2017-15-38-23 24.150 293.830 22.470 169.100
6-13-2017-15-39-23 22.790 292.810 14.890 175.990
6-13-2017-15-40-24 21.620 290.970 15.620 176.260
6-13-2017-15-41-24 22.340 292.090 13.740 170.590
6-13-2017-15-42-24 21.450 290.460 9.020 173.040
6-13-2017-15-43-24 21.390 290.200 9.280 167.290
6-13-2017-15-44-24 21.190 292.770 13.920 170.460
6-13-2017-15-45-24 21.100 290.640 12.850 172.450
6-13-2017-15-46-24 21.130 289.950 13.250 171.680
6-13-2017-15-47-24 20.300 289.650 13.340 174.090
6-13-2017-15-48-24 18.860 288.380 7.200 169.400
6-13-2017-15-49-24 20.080 289.380 10.420 178.810
6-13-2017-15-50-25 20.800 290.280 5.160 171.520
6-13-2017-15-51-25 21.010 290.200 14.120 163.760
6-13-2017-15-52-25 20.990 291.060 9.650 170.470
6-13-2017-15-53-25 20.920 291.480 7.550 171.300
6-13-2017-15-54-25 22.710 289.640 10.660 168.860
6-13-2017-15-55-25 19.400 286.680 4.740 172.500
6-13-2017-15-56-26 19.540 286.300 4.830 176.010
6-13-2017-15-57-26 18.940 285.050 1.610 177.340
6-13-2017-15-58-26 19.530 286.860 3.100 168.260
6-13-2017-15-59-26 20.400 287.370 2.240 174.770
6-13-2017-16-0-26 20.670 289.840 0.220 175.270
6-13-2017-16-1-26 19.630 287.110 1.060 175.570
6-13-2017-16-2-27 18.160 285.350 0.640 169.040
6-13-2017-16-3-27 19.740 284.390 3.360 175.820
6-13-2017-16-4-27 19.140 285.210 0.310 169.710
6-13-2017-16-5-27 15.580 285.180 3.350 166.140
6-13-2017-16-6-27 18.490 286.530 3.830 166.440
6-13-2017-16-7-27 17.960 285.940 0.190 174.520
6-13-2017-16-8-27 16.520 286.340 1.330 171.610
6-13-2017-16-9-28 14.980 285.540 0.620 165.820
6-13-2017-16-10-28 17.540 285.910 0.360 166.400
6-13-2017-16-11-28 18.170 284.010 0.060 169.310
6-13-2017-16-12-28 17.540 283.860 0.000 165.380
6-13-2017-16-13-28 14.510 282.290 0.190 165.420
6-13-2017-16-14-28 18.030 284.260 1.080 173.890
6-13-2017-16-15-28 17.380 282.860 0.230 169.320
6-13-2017-16-16-28 16.630 282.090 0.210 165.820
6-13-2017-16-17-29 17.590 283.440 0.440 171.270
6-13-2017-16-18-29 16.880 285.930 0.700 180.100
6-13-2017-16-19-29 16.900 284.040 4.220 179.670
6-13-2017-16-20-29 15.810 283.110 8.930 171.520
6-13-2017-16-21-29 15.530 282.360 11.980 161.600
6-13-2017-16-22-29 15.210 282.470 9.980 164.920
6-13-2017-16-23-29 16.820 283.310 12.570 167.290
6-13-2017-16-24-29 13.350 282.410 8.480 168.140
6-13-2017-16-25-30 13.450 283.180 10.530 167.070
6-13-2017-16-26-30 12.110 282.950 14.270 168.140
6-13-2017-16-27-30 13.760 283.960 13.390 165.860
6-13-2017-16-28-30 12.340 283.180 14.650 168.710
6-13-2017-16-29-30 15.980 283.820 8.450 170.500
6-13-2017-16-30-30 15.700 285.670 6.250 163.320
6-13-2017-16-31-30 12.160 283.200 5.940 167.250
6-13-2017-16-32-31 13.120 283.470 2.770 163.310
6-13-2017-16-33-31 15.180 285.330 3.690 167.140
6-13-2017-16-34-31 13.450 282.720 0.520 161.670
6-13-2017-16-35-31 12.070 281.290 0.370 164.490
6-13-2017-16-36-31 13.630 282.190 0.000 170.620
6-13-2017-16-37-31 11.590 280.740 0.080 158.520
6-13-2017-16-38-31 11.710 281.560 1.960 164.270
6-13-2017-16-39-31 14.460 282.880 1.880 167.060
6-13-2017-16-40-32 13.690 282.720 1.200 162.760
6-13-2017-16-41-32 15.760 283.200 0.020 171.370
6-13-2017-16-42-32 13.110 283.760 0.280 173.890
6-13-2017-16-43-32 14.670 285.870 0.020 163.000
6-13-2017-16-44-32 12.360 283.360 0.770 160.410
6-13-2017-16-45-32 14.480 283.450 4.330 168.690
6-13-2017-16-46-32 11.720 282.800 1.060 174.380
6-13-2017-16-47-33 13.450 283.280 0.480 160.980
6-13-2017-16-48-33 13.720 283.550 1.120 158.610
6-13-2017-16-49-33 12.190 284.020 0.010 168.630
6-13-2017-16-50-33 11.740 283.970 0.470 160.290
6-13-2017-16-51-33 12.370 283.530 2.340 164.440
6-13-2017-16-52-33 11.910 282.810 0.500 160.460
6-13-2017-16-53-34 12.000 281.990 0.200 162.600
6-13-2017-16-54-34 11.680 281.430 0.210 160.420
6-13-2017-16-55-34 14.610 284.120 2.690 162.600
6-13-2017-16-56-34 12.950 282.720 2.620 159.860
6-13-2017-16-57-34 11.360 280.120 3.290 163.210
6-13-2017-16-58-34 7.760 278.460 6.410 166.100
6-13-2017-16-59-35 9.150 278.720 8.750 168.180
6-13-2017-17-0-35 8.540 279.410 7.090 161.040
6-13-2017-17-1-35 9.460 280.390 8.560 157.870
6-13-2017-17-2-35 12.770 281.810 8.390 163.420
6-13-2017-17-3-36 11.930 281.780 5.530 161.150
6-13-2017-17-4-36 10.370 280.450 1.830 161.120
6-13-2017-17-5-36 9.390 280.710 8.560 158.280
6-13-2017-17-6-36 10.920 283.410 8.910 161.470
6-13-2017-17-7-36 11.190 285.120 11.070 156.000
6-13-2017-17-8-36 8.430 284.730 15.030 156.440
6-13-2017-17-9-37 10.920 288.300 13.570 162.140
6-13-2017-17-10-37 7.950 285.720 12.990 156.430
6-13-2017-17-11-37 6.330 286.650 16.290 162.930
6-13-2017-17-12-37 7.930 285.770 15.290 166.290
6-13-2017-17-13-37 7.890 284.850 7.950 157.880
6-13-2017-17-14-38 8.160 286.830 11.080 163.570
6-13-2017-17-15-38 7.230 286.610 6.050 159.900
6-13-2017-17-16-38 9.120 285.530 3.850 152.710
6-13-2017-17-17-38 8.930 284.620 3.860 155.550
6-13-2017-17-18-38 6.710 281.530 1.340 159.110
6-13-2017-17-19-38 8.050 283.320 4.620 158.480
6-13-2017-17-20-39 8.740 285.480 5.290 160.970
6-13-2017-17-21-39 6.160 284.320 4.600 160.160
6-13-2017-17-22-39 5.120 284.400 2.190 159.040
6-13-2017-17-23-39 5.920 284.880 1.930 154.300
6-13-2017-17-24-39 9.060 284.800 5.370 158.780
6-13-2017-17-25-39 6.190 281.960 5.330 164.670
6-13-2017-17-26-40 5.460 279.250 3.700 154.300
6-13-2017-17-27-40 8.310 281.590 7.820 158.360
6-13-2017-17-28-40 5.730 280.300 3.220 156.700
6-13-2017-17-29-40 7.710 279.230 0.880 153.730
6-13-2017-17-30-41 8.850 279.700 3.370 155.520
6-13-2017-17-31-41 5.460 280.620 5.330 160.110
6-13-2017-17-32-41 5.460 277.490 3.100 160.150
6-13-2017-17-33-41 9.460 279.470 8.570 157.640
6-13-2017-17-34-41 5.980 277.230 7.370 155.240
6-13-2017-17-35-41 5.800 279.610 5.270 162.100
6-13-2017-17-36-42 4.730 277.700 7.450 154.940
6-13-2017-17-37-42 5.680 278.000 7.610 152.860
6-13-2017-17-38-42 5.970 278.850 7.420 155.890
6-13-2017-17-39-43 5.810 279.770 3.130 154.920
6-13-2017-17-40-43 4.930 279.780 0.160 156.260
6-13-2017-17-41-43 3.930 278.170 1.110 156.190
6-13-2017-17-42-43 4.980 277.240 1.950 151.940
6-13-2017-17-43-43 1.800 276.420 1.310 156.000
6-13-2017-17-44-43 4.260 278.610 5.740 153.540
6-13-2017-17-45-43 4.430 280.480 1.430 158.310
6-13-2017-17-46-43 4.110 279.500 0.490 153.050
6-13-2017-17-47-44 5.630 279.110 1.490 155.060
6-13-2017-17-48-44 3.580 276.840 3.100 155.070
6-13-2017-17-49-44 2.980 275.310 1.040 154.140
6-13-2017-17-50-44 1.140 275.650 6.450 152.700
6-13-2017-17-51-44 4.740 276.500 5.570 154.390
6-13-2017-17-52-45 3.980 275.000 3.260 153.810
6-13-2017-17-53-45 3.410 274.210 3.810 158.030
6-13-2017-17-54-45 5.150 275.590 8.880 154.640
6-13-2017-17-55-45 5.800 275.060 4.750 155.310
6-13-2017-17-56-46 2.950 271.910 12.280 156.890
6-13-2017-17-57-46 4.430 274.040 12.970 152.980
6-13-2017-17-58-46 2.050 274.220 11.560 151.740
6-13-2017-17-59-46 2.060 276.730 8.260 153.640
6-13-2017-18-0-46 3.710 279.840 7.960 158.240
6-13-2017-18-1-46 2.960 278.530 6.420 166.130
6-13-2017-18-2-46 1.610 273.940 9.550 156.400
6-13-2017-18-3-46 2.960 274.290 10.550 149.490
6-13-2017-18-4-47 2.430 275.400 16.580 153.640
6-13-2017-18-5-47 3.260 275.290 10.530 151.800
6-13-2017-18-6-47 4.480 276.750 15.190 152.530
6-13-2017-18-7-47 2.000 273.020 11.440 154.810
6-13-2017-18-8-48 1.500 270.340 12.070 152.680
6-13-2017-18-9-48 2.400 269.480 12.510 154.600
6-13-2017-18-10-48 2.780 270.490 13.260 156.210
6-13-2017-18-11-48 0.120 269.810 9.980 160.900
6-13-2017-18-12-48 1.980 273.590 6.800 159.820
6-13-2017-18-13-49 2.650 272.710 5.940 163.350
6-13-2017-18-14-49 1.900 273.510 11.630 170.160
6-13-2017-18-15-49 0.620 272.960 11.750 164.260
6-13-2017-18-16-49 3.480 272.890 12.520 158.670
6-13-2017-18-17-50 1.050 271.740 19.700 154.260
6-13-2017-18-18-50 3.850 273.830 25.500 163.410
6-13-2017-18-19-50 1.950 274.130 17.020 153.920
6-13-2017-18-20-50 0.150 272.420 14.360 153.090
6-13-2017-18-21-50 0.380 272.530 12.550 160.020
6-13-2017-18-22-51 2.540 274.540 9.440 153.210
6-13-2017-18-23-51 3.310 275.400 5.430 155.370
6-13-2017-18-24-51 2.950 275.140 7.620 156.620
6-13-2017-18-25-51 2.740 274.290 8.430 158.210
6-13-2017-18-26-51 2.760 275.260 12.750 164.720
6-13-2017-18-27-51 3.300 276.390 12.110 156.380
6-13-2017-18-28-51 3.000 275.540 13.530 156.430
6-13-2017-18-29-52 0.030 270.680 14.420 163.140
6-13-2017-18-30-52 2.090 273.380 12.770 160.150
6-13-2017-18-31-52 2.860 274.550 14.120 156.380
6-13-2017-18-32-52 0.630 272.730 10.360 155.620
6-13-2017-18-33-53 2.790 274.130 15.260 152.710
6-13-2017-18-34-53 0.860 271.030 12.320 153.530
6-13-2017-18-35-53 0.770 271.850 15.240 157.440
6-13-2017-18-36-53 1.520 272.920 21.110 159.960
6-13-2017-18-37-53 0.170 268.460 19.260 156.660
6-13-2017-18-38-54 0.570 268.880 16.540 150.380
6-13-2017-18-39-54 0.520 268.930 14.930 153.220
6-13-2017-18-40-54 0.120 267.360 14.830 152.470
6-13-2017-18-41-54 0.740 267.950 14.450 153.400
6-13-2017-18-42-54 0.180 264.930 14.900 151.290
6-13-2017-18-43-54 0.300 267.890 17.060 152.860
6-13-2017-18-44-55 0.740 265.920 11.480 150.860
6-13-2017-18-45-55 3.920 270.690 16.610 159.170
6-13-2017-18-46-55 0.940 269.720 14.970 152.000
6-13-2017-18-47-55 0.160 268.450 14.670 156.590
6-13-2017-18-48-55 1.080 271.550 13.300 151.990
6-13-2017-18-49-55 3.540 276.730 20.610 149.480
6-13-2017-18-50-55 1.060 271.750 11.430 150.880
6-13-2017-18-51-56 0.990 272.210 14.090 152.900
6-13-2017-18-52-56 0.160 272.470 17.060 159.470
6-13-2017-18-53-56 0.290 274.780 17.850 149.490
6-13-2017-18-54-56 1.040 274.480 17.740 150.320
6-13-2017-18-55-57 0.240 273.820 20.660 150.270
6-13-2017-18-56-57 1.210 273.190 26.200 157.150
6-13-2017-18-57-57 1.680 274.020 26.060 153.430
6-13-2017-18-58-57 1.720 274.600 25.680 146.670
6-13-2017-18-59-57 2.550 276.460 22.020 151.970
6-13-2017-19-0-57 2.860 277.470 22.160 152.860
6-13-2017-19-1-58 3.550 277.970 20.610 152.280
6-13-2017-19-2-58 4.760 278.070 28.330 152.170
6-13-2017-19-3-58 2.360 275.280 22.300 153.880
6-13-2017-19-4-58 2.480 278.140 18.110 148.990
6-13-2017-19-5-58 4.630 278.800 26.370 152.520
6-13-2017-19-6-59 2.100 277.450 22.510 149.060
6-13-2017-19-7-59 2.300 275.580 25.530 160.270
6-13-2017-19-8-59 4.080 276.620 21.040 149.420
6-13-2017-19-9-59 2.500 274.690 23.920 148.420
6-13-2017-19-10-59 3.480 278.020 22.420 149.200
6-13-2017-19-11-59 1.080 275.730 19.770 146.690
6-13-2017-19-12-59 4.740 278.890 18.120 150.270
6-13-2017-19-14-0 5.070 278.740 16.960 148.360
6-13-2017-19-15-0 1.850 276.630 24.140 146.140
6-13-2017-19-16-0 0.800 275.480 27.290 144.270
6-13-2017-19-17-0 4.690 275.650 25.360 146.950
6-13-2017-19-18-0 3.880 276.980 29.860 149.150
6-13-2017-19-19-1 4.180 279.580 22.470 151.110
6-13-2017-19-20-1 6.070 280.560 23.920 147.740
6-13-2017-19-21-1 5.330 280.630 22.770 145.140
6-13-2017-19-22-1 1.340 276.710 20.370 150.400
6-13-2017-19-23-2 6.400 280.380 22.830 146.980
6-13-2017-19-24-2 3.420 277.870 19.910 141.210
6-13-2017-19-25-2 5.830 277.890 21.200 146.700
6-13-2017-19-26-2 4.130 277.730 21.070 147.540
6-13-2017-19-27-2 4.050 276.410 14.180 147.190
6-13-2017-19-28-2 4.780 274.550 21.480 149.970
6-13-2017-19-29-2 5.140 277.620 16.710 150.060
6-13-2017-19-30-2 6.070 275.380 17.790 153.510
6-13-2017-19-31-2 2.490 273.080 22.660 150.720
6-13-2017-19-32-2 4.870 274.460 24.550 140.990
6-13-2017-19-33-3 1.810 272.410 22.250 145.570
6-13-2017-19-34-3 4.420 274.140 21.860 148.750
6-13-2017-19-35-3 3.290 271.880 19.570 153.860
6-13-2017-19-36-3 4.460 273.300 20.600 148.590
6-13-2017-19-37-3 5.080 273.860 19.460 142.230
6-13-2017-19-38-4 3.260 270.670 14.630 141.720
6-13-2017-19-39-4 4.640 270.290 11.020 141.860
6-13-2017-19-40-4 3.690 272.130 15.480 150.220
6-13-2017-19-41-4 3.990 274.070 18.520 150.610
6-13-2017-19-42-5 4.060 275.000 16.420 144.650
6-13-2017-19-43-5 1.540 274.490 14.420 144.350
6-13-2017-19-44-5 5.360 276.340 8.500 146.740
6-13-2017-19-45-5 5.470 275.240 8.320 142.530
6-13-2017-19-46-5 4.330 274.340 18.310 145.340
6-13-2017-19-47-5 2.670 272.020 7.800 151.760
6-13-2017-19-48-5 1.130 271.250 14.070 147.730
6-13-2017-19-49-5 0.500 270.270 9.280 144.670
6-13-2017-19-50-6 3.490 274.120 13.210 145.500
6-13-2017-19-51-6 1.810 274.290 13.720 144.320
6-13-2017-19-52-6 2.480 274.200 18.090 147.060
6-13-2017-19-53-6 3.600 274.470 28.410 142.220
6-13-2017-19-54-6 3.560 274.150 20.080 154.740
6-13-2017-19-55-7 3.050 273.030 18.490 144.850
6-13-2017-19-56-7 3.090 275.250 21.150 146.360
6-13-2017-19-57-7 2.890 278.100 18.890 147.720
6-13-2017-19-58-7 2.960 277.250 21.810 152.400
6-13-2017-19-59-7 1.470 275.790 24.210 157.170
6-13-2017-20-0-8 3.640 277.120 22.340 156.800
6-13-2017-20-1-8 3.730 279.130 26.000 149.820
6-13-2017-20-2-8 1.590 275.570 28.140 151.080
6-13-2017-20-3-9 2.020 276.640 23.840 147.110
6-13-2017-20-4-9 5.250 278.040 24.980 150.560
6-13-2017-20-5-9 5.490 276.090 17.510 161.050
6-13-2017-20-6-10 5.140 275.920 23.780 148.140
6-13-2017-20-7-10 3.230 272.260 11.560 155.950
6-13-2017-20-8-10 2.810 270.060 12.430 150.140
6-13-2017-20-9-10 0.100 266.040 17.740 150.900
6-13-2017-20-10-11 3.140 270.390 14.770 152.720
6-13-2017-20-11-11 2.130 270.590 18.150 150.780
6-13-2017-20-12-11 1.690 270.710 22.280 151.740
6-13-2017-20-13-11 3.900 273.160 18.260 157.010
6-13-2017-20-14-12 3.170 271.430 21.810 154.090
6-13-2017-20-15-12 6.080 272.200 18.390 157.920
6-13-2017-20-16-12 7.220 276.710 17.370 153.010
6-13-2017-20-17-12 5.160 273.650 23.700 142.610
6-13-2017-20-18-12 6.930 274.900 20.240 149.370
6-13-2017-20-19-12 6.890 274.790 17.180 153.250
6-13-2017-20-20-13 7.150 274.100 16.790 152.480
6-13-2017-20-21-13 5.750 274.120 12.960 149.630
6-13-2017-20-22-13 5.550 275.440 18.610 154.210
6-13-2017-20-23-13 8.920 277.360 19.540 150.340
6-13-2017-20-24-14 6.630 276.450 25.900 151.480
6-13-2017-20-25-14 2.370 274.250 19.840 152.490
6-13-2017-20-26-14 4.750 274.870 17.170 151.670
6-13-2017-20-27-15 2.500 274.360 24.000 152.730
6-13-2017-20-28-15 4.030 275.920 30.100 149.150
6-13-2017-20-29-15 1.730 274.930 28.990 144.480
6-13-2017-20-30-16 2.800 274.660 31.800 148.430
6-13-2017-20-31-16 2.370 273.480 29.110 153.430
6-13-2017-20-32-16 1.380 269.450 24.080 148.710
6-13-2017-20-33-16 5.580 271.850 25.440 153.710
6-13-2017-20-34-17 1.680 269.030 25.780 141.090
6-13-2017-20-35-17 0.540 263.270 26.990 140.310
6-13-2017-20-36-17 3.450 267.650 30.710 147.290
6-13-2017-20-37-17 1.080 264.600 29.450 153.690
6-13-2017-20-38-18 2.800 265.940 35.480 152.750
6-13-2017-20-39-18 4.110 267.080 36.320 138.070
6-13-2017-20-40-18 0.180 267.390 31.280 151.490
6-13-2017-20-41-18 1.870 269.170 34.090 140.410
6-13-2017-20-42-19 5.600 274.100 37.260 152.420
6-13-2017-20-43-19 9.470 278.440 40.110 145.830
6-13-2017-20-44-19 10.520 280.290 40.480 144.930
6-13-2017-20-45-19 6.780 279.510 39.010 142.220
6-13-2017-20-46-19 5.080 278.920 39.350 147.380
6-13-2017-20-47-20 2.750 275.210 32.450 151.080
6-13-2017-20-48-20 3.450 274.250 35.430 143.150
6-13-2017-20-49-20 1.180 271.990 31.250 145.680
6-13-2017-20-50-20 1.220 270.190 37.230 144.830
6-13-2017-20-51-21 3.210 269.750 32.060 135.550
6-13-2017-20-52-21 3.860 270.300 25.930 145.210
6-13-2017-20-53-21 3.870 270.110 32.370 142.210
6-13-2017-20-54-21 5.860 270.510 33.910 146.760
6-13-2017-20-55-21 6.420 271.180 37.970 142.890
6-13-2017-20-56-21 5.270 270.110 34.200 136.930
6-13-2017-20-57-22 5.750 269.880 25.400 139.670
6-13-2017-20-58-22 4.730 272.470 22.070 139.660
6-13-2017-20-59-22 3.270 270.450 23.950 136.500
6-13-2017-21-0-22 1.810 270.150 30.670 138.270
6-13-2017-21-1-22 1.370 268.350 30.160 138.120
6-13-2017-21-2-23 4.970 271.150 31.190 130.830
6-13-2017-21-3-23 6.260 272.260 29.630 132.670
6-13-2017-21-4-23 2.820 269.160 30.870 139.460
6-13-2017-21-5-24 6.950 273.630 29.870 138.500
6-13-2017-21-6-24 6.610 275.030 67.940 142.650
6-13-2017-21-7-24 3.730 268.090 98.610 138.320
6-13-2017-21-8-24 2.450 266.050 95.190 146.420
6-13-2017-21-9-24 2.960 264.020 96.520 141.180
6-13-2017-21-10-25 3.040 262.680 92.380 151.330
6-13-2017-21-11-25 2.330 265.990 93.370 150.330
6-13-2017-21-12-25 3.820 268.540 98.100 148.950
6-13-2017-21-13-25 1.300 265.350 100.270 134.370
6-13-2017-21-14-26 3.710 266.990 95.710 139.840
6-13-2017-21-15-26 4.840 269.570 99.310 135.370
6-13-2017-21-16-26 4.600 270.280 101.950 139.910
6-13-2017-21-17-27 6.310 271.410 101.680 138.720
6-13-2017-21-18-27 7.540 269.500 102.990 139.130
6-13-2017-21-19-27 1.410 261.780 98.990 136.650
6-13-2017-21-20-28 3.700 263.670 95.800 135.900
6-13-2017-21-21-28 4.290 265.750 88.480 145.390
6-13-2017-21-22-29 0.070 260.790 92.110 143.740
6-13-2017-21-23-29 0.570 262.780 91.680 148.360
6-13-2017-21-24-29 3.740 267.450 94.810 150.110
6-13-2017-21-25-29 0.510 263.520 92.560 134.030
6-13-2017-21-26-29 4.230 265.420 91.930 131.010
6-13-2017-21-27-29 0.660 258.790 91.770 143.020
6-13-2017-21-28-30 5.620 264.990 89.600 141.200
6-13-2017-21-29-30 3.730 267.590 88.750 141.870
6-13-2017-21-30-30 5.450 270.280 89.290 148.100
6-13-2017-21-31-30 1.900 266.500 94.440 135.040
6-13-2017-21-32-30 9.040 272.900 88.790 134.930
6-13-2017-21-33-30 10.640 274.430 87.360 145.560
6-13-2017-21-34-31 7.800 272.730 84.660 148.740
6-13-2017-21-35-31 8.940 273.450 83.400 147.370
6-13-2017-21-36-31 7.280 268.490 81.940 137.700
6-13-2017-21-37-31 4.510 263.970 82.610 149.510
6-13-2017-21-38-31 0.920 262.220 80.160 149.970
6-13-2017-21-39-32 6.670 268.110 82.150 134.470
6-13-2017-21-40-32 2.660 265.390 87.790 132.370
6-13-2017-21-41-32 0.510 263.270 89.180 134.390
6-13-2017-21-42-32 0.020 265.030 90.520 134.410
6-13-2017-21-43-32 0.780 263.960 87.470 139.000
6-13-2017-21-44-33 0.110 257.980 86.730 134.300
6-13-2017-21-45-33 1.850 261.880 86.140 131.760
6-13-2017-21-46-34 3.660 262.410 88.570 131.610
6-13-2017-21-47-34 1.790 261.390 93.860 135.260
6-13-2017-21-48-35 3.920 264.710 91.180 134.990
6-13-2017-21-49-35 0.250 256.960 88.830 141.560
6-13-2017-21-50-36 2.080 262.390 94.630 139.970
6-13-2017-21-51-36 2.100 265.560 93.130 148.530
6-13-2017-21-52-36 2.640 264.580 88.950 145.840
6-13-2017-21-53-36 0.810 264.120 89.800 145.070
6-13-2017-21-54-37 1.430 266.870 86.510 138.340
6-13-2017-21-55-37 6.840 271.350 87.440 136.760
6-13-2017-21-56-37 4.690 269.050 86.760 145.350
6-13-2017-21-57-37 4.450 268.810 88.040 145.540
6-13-2017-21-58-37 3.440 268.750 91.490 139.630
6-13-2017-21-59-37 1.430 267.310 83.290 143.320
6-13-2017-22-0-37 5.400 269.340 79.490 146.320
6-13-2017-22-1-38 6.980 268.470 81.690 144.350
6-13-2017-22-2-38 4.160 262.880 77.250 134.380
6-13-2017-22-3-38 6.990 265.830 79.880 136.600
6-13-2017-22-4-38 0.450 258.340 79.350 135.080
6-13-2017-22-5-38 0.630 256.110 76.170 142.290
6-13-2017-22-6-39 0.040 251.920 75.000 140.640
6-13-2017-22-7-39 1.130 256.010 76.880 136.860
6-13-2017-22-8-39 6.030 263.350 75.510 132.990
6-13-2017-22-9-39 7.100 262.570 74.170 142.370
6-13-2017-22-10-39 5.190 262.490 71.060 138.930
6-13-2017-22-11-40 6.160 263.660 76.630 128.480
6-13-2017-22-12-40 4.770 261.690 74.700 131.630
6-13-2017-22-13-41 9.700 262.860 75.660 134.160
6-13-2017-22-14-41 7.190 258.200 73.750 131.600
6-13-2017-22-15-41 6.300 259.150 72.420 132.910
6-13-2017-22-16-41 8.080 259.480 76.040 123.160
6-13-2017-22-17-41 9.340 260.910 75.120 125.480
6-13-2017-22-18-42 7.450 260.710 75.130 123.370
6-13-2017-22-19-42 6.160 259.650 74.760 126.090
6-13-2017-22-20-43 7.950 261.000 79.490 129.210
6-13-2017-22-21-43 12.890 264.340 80.820 124.480
6-13-2017-22-22-44 9.700 261.200 77.860 121.700
6-13-2017-22-23-44 8.790 262.630 77.050 120.920
6-13-2017-22-24-45 8.840 264.720 80.930 117.760
6-13-2017-22-25-45 7.060 265.160 76.650 118.970
6-13-2017-22-26-45 3.220 261.650 77.500 124.500
6-13-2017-22-27-45 4.960 263.990 75.390 126.590
6-13-2017-22-28-45 3.780 265.250 72.780 124.870
6-13-2017-22-29-46 3.160 265.940 76.740 120.090
6-13-2017-22-30-46 2.910 264.670 74.570 124.590
6-13-2017-22-31-46 5.470 266.380 77.540 128.750
6-13-2017-22-32-47 8.160 266.510 81.870 120.930
6-13-2017-22-33-47 11.940 269.260 82.710 130.360
6-13-2017-22-34-47 10.980 267.660 86.770 132.520
6-13-2017-22-35-47 4.080 262.620 87.170 129.850
6-13-2017-22-36-47 4.230 262.040 82.620 113.550
6-13-2017-22-37-48 1.030 256.510 74.880 116.630
6-13-2017-22-38-48 6.470 260.440 75.890 121.660
6-13-2017-22-39-48 9.410 263.570 75.700 122.900
6-13-2017-22-40-48 6.590 261.560 79.640 123.830
6-13-2017-22-41-49 4.860 260.320 77.300 125.290
6-13-2017-22-42-49 1.870 257.420 74.540 125.150
6-13-2017-22-43-49 1.800 255.780 74.010 125.940
6-13-2017-22-44-49 2.910 258.230 70.620 124.170
6-13-2017-22-45-50 3.400 261.200 69.110 123.650
6-13-2017-22-46-50 3.100 261.170 71.880 125.300
6-13-2017-22-47-50 4.530 265.300 70.810 127.950
6-13-2017-22-48-50 1.290 262.350 74.890 120.060
6-13-2017-22-49-51 7.140 267.270 82.720 117.270
6-13-2017-22-50-51 7.520 269.090 81.240 118.990
6-13-2017-22-51-51 8.910 270.950 82.410 131.770
6-13-2017-22-52-51 6.720 268.710 82.010 136.410
6-13-2017-22-53-51 9.530 271.100 84.600 130.280
6-13-2017-22-54-51 11.020 273.450 86.880 132.760
6-13-2017-22-55-51 10.360 267.990 80.780 133.580
6-13-2017-22-56-52 10.020 268.160 81.900 130.060
6-13-2017-22-57-52 5.110 263.630 79.790 130.310
6-13-2017-22-58-53 2.530 260.090 77.180 125.780
6-13-2017-22-59-53 2.430 258.510 78.430 119.570
6-13-2017-23-0-54 2.000 252.830 76.970 116.880
6-13-2017-23-1-54 1.050 252.800 76.070 120.330
6-13-2017-23-2-54 8.600 261.310 76.090 136.000
6-13-2017-23-3-54 16.410 269.950 78.830 124.190
6-13-2017-23-4-55 14.960 269.530 80.760 128.070
6-13-2017-23-5-55 10.470 266.280 79.490 123.620
6-13-2017-23-6-55 8.400 264.260 80.340 128.970
6-13-2017-23-7-55 10.510 265.660 80.220 127.660
6-13-2017-23-8-55 10.310 264.740 82.510 120.370
6-13-2017-23-9-56 10.920 263.980 79.190 122.870
6-13-2017-23-10-56 6.720 262.540 78.310 133.410
6-13-2017-23-11-56 6.640 262.060 75.890 129.060
6-13-2017-23-12-56 1.150 256.800 72.870 119.740
6-13-2017-23-13-56 3.750 260.050 71.470 130.040
6-13-2017-23-14-57 9.620 262.880 73.400 130.570
6-13-2017-23-15-57 9.580 261.870 75.140 133.360
6-13-2017-23-16-57 10.120 261.360 77.730 128.510
6-13-2017-23-17-57 8.690 261.480 78.110 136.860
6-13-2017-23-18-57 7.630 259.970 80.380 128.410
6-13-2017-23-19-58 10.950 261.770 82.340 132.840
6-13-2017-23-20-58 6.740 256.670 79.210 127.220
6-13-2017-23-21-58 3.480 251.680 79.710 130.080
6-13-2017-23-22-59 6.720 254.580 77.230 128.410
6-13-2017-23-23-59 5.780 256.820 72.940 127.010
6-13-2017-23-25-0 5.090 253.520 70.100 134.740
6-13-2017-23-26-0 6.600 253.190 70.030 132.920
6-13-2017-23-27-0 9.200 257.350 67.890 126.920
6-13-2017-23-28-0 7.010 256.550 66.220 122.930
6-13-2017-23-29-0 5.530 256.170 68.350 132.110
6-13-2017-23-30-0 3.300 257.690 72.220 121.530
6-13-2017-23-31-0 3.230 257.920 73.250 126.100
6-13-2017-23-32-0 1.700 255.580 70.770 124.810
6-13-2017-23-33-1 1.370 253.350 70.970 119.830
6-13-2017-23-34-1 5.720 259.380 71.840 128.090
6-13-2017-23-35-1 9.830 260.100 75.390 118.330
6-13-2017-23-36-1 6.170 256.390 79.390 114.390
6-13-2017-23-37-2 3.560 254.090 76.380 125.180
6-13-2017-23-38-2 6.350 258.730 76.390 129.190
6-13-2017-23-39-2 4.460 255.350 75.320 125.950
6-13-2017-23-40-2 9.350 259.930 82.300 126.140
6-13-2017-23-41-2 8.940 259.360 81.430 120.980
6-13-2017-23-42-2 7.370 258.370 82.040 120.770
6-13-2017-23-43-2 7.950 259.430 81.520 127.830
6-13-2017-23-44-2 9.590 261.740 84.070 127.960
6-13-2017-23-45-3 10.370 263.900 87.050 121.640
6-13-2017-23-46-3 8.620 265.040 93.060 127.560
6-13-2017-23-47-4 7.000 263.240 85.020 131.750
6-13-2017-23-48-4 8.980 264.780 84.440 135.860
6-13-2017-23-49-4 1.770 260.450 79.090 123.580
6-13-2017-23-50-4 3.490 261.050 81.720 133.680
6-13-2017-23-51-5 7.320 262.280 80.450 121.870
6-13-2017-23-52-5 3.470 258.970 76.780 122.600
6-13-2017-23-53-5 4.310 260.610 77.350 123.740
6-13-2017-23-54-5 3.770 259.820 81.520 127.450
6-13-2017-23-55-5 1.120 257.570 87.230 127.820
6-13-2017-23-56-5 0.100 251.410 86.390 130.920
6-13-2017-23-57-6 4.520 257.730 93.220 123.500
6-13-2017-23-58-6 4.970 256.650 89.420 126.180
6-13-2017-23-59-6 3.570 254.790 92.850 117.980
6-14-2017-0-0-6 0.710 252.860 84.050 117.750
6-14-2017-0-1-6 1.120 252.030 78.930 115.200
6-14-2017-0-2-7 0.600 252.930 85.430 121.510
6-14-2017-0-3-7 1.650 254.300 83.950 121.560
6-14-2017-0-4-7 0.210 254.400 86.350 116.590
6-14-2017-0-5-7 0.290 255.890 85.850 109.430
6-14-2017-0-6-8 0.690 257.830 81.900 116.320
6-14-2017-0-7-8 0.910 256.480 90.810 112.600
6-14-2017-0-8-8 2.490 258.470 91.750 110.980
6-14-2017-0-9-9 1.820 257.190 86.810 119.620
6-14-2017-0-10-9 0.050 254.600 87.160 119.680
6-14-2017-0-11-9 0.000 250.220 81.390 111.240
6-14-2017-0-12-9 0.000 246.500 80.720 114.360
6-14-2017-0-13-10 0.000 243.390 80.420 110.880
6-14-2017-0-14-10 0.000 242.470 82.440 111.500
6-14-2017-0-15-10 0.000 242.750 73.210 110.900
6-14-2017-0-16-10 0.060 248.780 72.220 113.420
6-14-2017-0-17-10 4.490 253.740 80.400 116.480
6-14-2017-0-18-11 3.930 251.040 83.790 116.080
6-14-2017-0-19-11 0.000 245.910 78.080 114.420
6-14-2017-0-20-11 0.000 240.740 68.020 121.530
6-14-2017-0-21-12 0.000 241.670 71.770 110.460
6-14-2017-0-22-12 0.000 239.010 76.320 107.710
6-14-2017-0-23-12 0.000 239.870 78.690 122.280
6-14-2017-0-24-12 0.000 239.330 84.630 125.370
6-14-2017-0-25-12 0.000 238.300 84.160 122.770
6-14-2017-0-26-13 0.000 238.600 86.340 113.530
6-14-2017-0-27-13 0.000 239.050 77.980 128.270
6-14-2017-0-28-13 0.000 236.300 74.070 126.100
6-14-2017-0-29-14 0.000 240.170 80.720 125.180
6-14-2017-0-30-14 0.000 242.360 85.580 125.410
6-14-2017-0-31-14 0.000 245.480 89.730 130.850
6-14-2017-0-32-14 0.000 240.930 87.150 120.680
6-14-2017-0-33-14 0.000 240.330 88.890 124.420
6-14-2017-0-34-14 0.000 242.100 89.070 122.520
6-14-2017-0-35-15 0.000 241.070 90.370 117.160
6-14-2017-0-36-15 0.020 244.220 91.550 116.510
6-14-2017-0-37-15 0.000 243.340 91.510 109.160
6-14-2017-0-38-15 0.460 244.860 90.090 117.940
6-14-2017-0-39-16 5.560 251.120 93.700 116.340
6-14-2017-0-40-16 2.760 247.820 88.540 108.600
6-14-2017-0-41-16 0.350 245.550 89.590 123.730
6-14-2017-0-42-17 0.710 246.330 89.780 120.120
6-14-2017-0-43-17 1.430 245.820 84.440 123.700
6-14-2017-0-44-17 0.000 243.310 85.210 129.850
6-14-2017-0-45-17 0.030 242.700 89.440 125.850
6-14-2017-0-46-18 0.230 243.970 89.500 127.380
6-14-2017-0-47-18 3.240 249.230 85.620 125.150
6-14-2017-0-48-19 4.280 248.870 85.820 123.330
6-14-2017-0-49-19 4.690 249.240 77.850 124.800
6-14-2017-0-50-19 0.830 247.140 76.950 114.900
6-14-2017-0-51-20 0.060 246.750 82.970 92.660
6-14-2017-0-52-20 0.000 246.650 87.600 108.830
6-14-2017-0-53-20 0.000 249.980 93.780 118.880
6-14-2017-0-54-21 0.000 248.660 97.900 119.630
6-14-2017-0-55-21 0.000 247.090 94.280 117.160
6-14-2017-0-56-21 0.000 247.920 96.650 123.100
6-14-2017-0-57-21 0.000 244.160 98.670 131.480
6-14-2017-0-58-21 0.000 247.990 99.350 128.090
6-14-2017-0-59-21 0.000 246.960 91.850 125.660
6-14-2017-1-0-22 0.000 248.150 85.640 121.510
6-14-2017-1-1-22 0.000 249.000 90.460 116.280
6-14-2017-1-2-22 0.000 249.360 96.210 115.180
6-14-2017-1-3-23 0.110 252.250 88.940 109.180
6-14-2017-1-4-23 0.000 250.740 90.850 112.500
6-14-2017-1-5-23 0.000 250.850 91.850 115.450
6-14-2017-1-6-24 0.000 253.550 86.790 118.320
6-14-2017-1-7-24 0.160 252.740 91.140 122.320
6-14-2017-1-8-24 0.000 249.540 95.000 126.200
6-14-2017-1-9-25 0.000 247.650 81.680 125.930
6-14-2017-1-10-25 0.000 244.310 83.390 119.320
6-14-2017-1-11-25 0.000 242.190 82.240 123.740
6-14-2017-1-12-25 0.000 237.610 79.100 112.370
6-14-2017-1-13-25 0.000 238.490 79.540 113.400
6-14-2017-1-14-26 0.000 236.340 81.470 112.920
6-14-2017-1-15-26 0.000 229.680 82.520 109.850
6-14-2017-1-16-27 0.000 231.780 80.640 104.000
6-14-2017-1-17-27 0.000 233.470 84.390 114.710
6-14-2017-1-18-28 0.000 236.380 83.890 105.050
6-14-2017-1-19-28 0.000 236.400 88.470 105.220
6-14-2017-1-20-28 0.000 237.530 93.800 110.470
6-14-2017-1-21-28 0.000 242.760 96.140 109.780
6-14-2017-1-22-28 0.110 245.960 91.580 110.420
6-14-2017-1-23-28 0.100 246.730 89.000 109.750
6-14-2017-1-24-29 0.030 244.830 95.620 125.770
6-14-2017-1-25-29 0.000 240.180 92.150 124.790
6-14-2017-1-26-30 0.000 236.000 86.940 119.770
6-14-2017-1-27-30 0.000 239.000 85.620 124.850
6-14-2017-1-28-30 0.010 241.780 81.330 121.140
6-14-2017-1-29-30 0.050 243.110 81.990 120.890
6-14-2017-1-30-31 2.420 245.030 82.280 126.680
6-14-2017-1-31-31 1.880 245.850 80.840 121.440
6-14-2017-1-32-31 1.460 249.100 82.310 122.450
6-14-2017-1-33-32 2.360 249.720 81.370 113.920
6-14-2017-1-34-32 5.710 254.030 84.510 112.780
6-14-2017-1-35-33 6.250 255.390 92.530 123.410
6-14-2017-1-36-33 10.840 260.120 90.090 122.010
6-14-2017-1-37-33 9.480 257.640 84.780 126.950
6-14-2017-1-38-33 6.430 253.090 78.240 113.750
6-14-2017-1-39-34 0.830 245.370 80.600 122.390
6-14-2017-1-40-34 0.040 243.140 78.310 125.240
6-14-2017-1-41-35 0.000 241.110 74.940 122.260
6-14-2017-1-42-35 0.070 241.540 77.450 121.900
6-14-2017-1-43-35 0.010 239.620 81.390 137.950
6-14-2017-1-44-35 0.070 236.410 79.720 133.320
6-14-2017-1-45-35 0.020 237.030 70.210 138.570
6-14-2017-1-46-35 0.590 240.130 68.680 130.950
6-14-2017-1-47-35 1.440 237.520 69.430 128.290
6-14-2017-1-48-35 1.080 239.840 72.300 136.410
6-14-2017-1-49-35 1.660 243.040 67.280 142.890
6-14-2017-1-50-36 5.550 246.380 71.980 133.430
6-14-2017-1-51-36 7.220 247.950 72.890 136.480
6-14-2017-1-52-37 4.020 245.210 67.090 134.590
6-14-2017-1-53-37 0.140 240.980 65.870 128.030
6-14-2017-1-54-37 1.770 243.170 68.230 129.880
6-14-2017-1-55-37 5.490 244.860 70.240 125.570
6-14-2017-1-56-38 6.620 245.560 67.960 120.040
6-14-2017-1-57-38 8.680 246.220 66.580 127.250
6-14-2017-1-58-38 7.470 244.190 66.330 127.970
6-14-2017-1-59-39 5.700 243.260 67.790 136.040
6-14-2017-2-0-39 7.510 243.380 66.480 132.370
6-14-2017-2-1-39 5.670 241.740 63.250 127.780
6-14-2017-2-2-40 3.890 240.320 64.390 127.460
6-14-2017-2-3-40 6.870 240.610 65.370 126.940
6-14-2017-2-4-40 4.830 239.330 65.370 122.220
6-14-2017-2-5-41 3.050 239.480 61.790 129.270
6-14-2017-2-6-41 2.580 240.160 64.170 124.280
6-14-2017-2-7-42 0.270 237.140 64.190 130.620
6-14-2017-2-8-42 4.630 243.090 65.430 135.070
6-14-2017-2-9-42 7.090 244.650 68.750 135.890
6-14-2017-2-10-43 7.240 245.570 72.320 131.240
6-14-2017-2-11-43 1.550 239.030 70.970 130.380
6-14-2017-2-12-44 0.050 236.830 71.970 125.060
6-14-2017-2-13-44 2.110 242.690 71.590 126.870
6-14-2017-2-14-44 4.990 243.120 68.310 133.660
6-14-2017-2-15-45 3.000 240.350 68.540 128.950
6-14-2017-2-16-45 9.150 244.650 72.120 131.950
6-14-2017-2-17-46 8.590 244.010 74.520 142.120
6-14-2017-2-18-46 6.340 240.860 75.130 153.220
6-14-2017-2-19-46 3.010 238.100 80.710 142.770
6-14-2017-2-20-46 2.820 238.540 80.380 133.200
6-14-2017-2-21-47 8.850 242.890 78.610 133.100
6-14-2017-2-22-47 13.240 246.550 75.910 128.900
6-14-2017-2-23-47 17.180 250.300 80.410 122.730
6-14-2017-2-24-48 8.960 244.000 82.600 135.590
6-14-2017-2-25-48 6.730 241.680 84.380 127.860
6-14-2017-2-26-48 8.290 244.040 82.980 131.840
6-14-2017-2-27-48 5.930 242.840 75.560 131.270
6-14-2017-2-28-48 11.200 246.940 75.500 136.570
6-14-2017-2-29-48 10.070 246.060 74.600 128.610
6-14-2017-2-30-49 2.000 241.210 73.540 133.350
6-14-2017-2-31-50 2.220 240.770 73.570 138.280
6-14-2017-2-32-50 5.150 243.380 71.420 126.280
6-14-2017-2-33-50 7.400 243.890 76.510 132.540
6-14-2017-2-34-51 2.680 240.570 71.880 141.290
6-14-2017-2-35-51 7.030 243.920 73.460 132.060
6-14-2017-2-36-51 9.350 245.580 73.990 134.910
6-14-2017-2-37-52 10.550 246.050 78.610 128.390
6-14-2017-2-38-52 11.730 247.310 76.310 132.900
6-14-2017-2-39-53 8.780 243.950 78.910 122.860
6-14-2017-2-40-53 15.100 247.940 78.310 125.210
6-14-2017-2-41-53 9.770 243.590 75.100 128.200
6-14-2017-2-42-53 5.320 239.400 65.980 124.120
6-14-2017-2-43-53 2.770 236.750 65.500 129.570
6-14-2017-2-44-54 2.450 236.020 68.060 146.220
6-14-2017-2-45-54 6.560 238.840 72.750 134.220
6-14-2017-2-46-54 7.800 239.310 75.290 124.660
6-14-2017-2-47-55 6.550 238.200 71.090 134.030
6-14-2017-2-48-55 8.220 238.790 77.290 129.250
6-14-2017-2-49-56 8.120 238.490 78.350 136.910
6-14-2017-2-50-56 7.000 238.190 78.580 135.290
6-14-2017-2-51-56 1.660 234.130 72.030 125.100
6-14-2017-2-52-56 6.660 236.920 75.870 124.660
6-14-2017-2-53-56 11.260 239.890 78.320 134.010
6-14-2017-2-54-56 10.850 239.780 77.250 132.110
6-14-2017-2-55-57 12.920 241.280 81.520 135.190
6-14-2017-2-56-57 18.350 245.570 78.760 138.690
6-14-2017-2-57-57 16.430 243.710 74.970 131.030
6-14-2017-2-58-58 17.000 244.170 74.010 123.600
6-14-2017-2-59-58 13.740 241.330 69.300 123.960
6-14-2017-3-0-58 8.950 237.740 70.320 124.860
6-14-2017-3-1-58 11.280 239.180 70.740 135.620
6-14-2017-3-2-58 5.060 235.140 64.850 140.860
6-14-2017-3-3-59 1.010 231.220 62.360 131.320
6-14-2017-3-4-59 2.240 232.360 65.600 130.530
6-14-2017-3-5-59 7.340 237.410 62.730 122.990
6-14-2017-3-6-59 8.950 238.360 65.220 127.890
6-14-2017-3-8-0 10.760 239.210 64.130 126.710
6-14-2017-3-9-1 8.320 237.020 67.640 125.040
6-14-2017-3-10-1 4.160 234.220 62.060 125.490
6-14-2017-3-11-1 2.300 232.810 63.580 124.200
6-14-2017-3-12-2 2.590 233.860 59.370 126.110
6-14-2017-3-13-2 5.420 235.850 60.370 116.670
6-14-2017-3-14-3 11.820 239.750 63.230 115.920
6-14-2017-3-15-3 14.430 242.070 64.610 122.890
6-14-2017-3-16-4 12.950 240.020 64.100 123.960
6-14-2017-3-17-4 12.390 239.610 64.370 122.150
6-14-2017-3-18-4 13.870 241.150 61.750 123.120
6-14-2017-3-19-5 16.710 243.360 59.950 116.000
6-14-2017-3-20-5 11.090 239.300 62.540 112.490
6-14-2017-3-21-5 6.470 235.630 63.540 118.910
6-14-2017-3-22-5 9.120 237.180 64.820 116.730
6-14-2017-3-23-5 13.770 240.190 65.860 121.680
6-14-2017-3-24-6 14.000 240.400 64.930 120.960
6-14-2017-3-25-8 14.210 241.160 67.690 119.320
6-14-2017-3-26-8 10.290 238.230 67.050 116.810
6-14-2017-3-27-8 10.230 237.650 67.380 118.670
6-14-2017-3-28-8 9.010 237.410 67.690 117.790
6-14-2017-3-29-8 8.050 236.410 69.600 101.920
6-14-2017-3-30-8 5.830 235.140 67.790 96.160
6-14-2017-3-31-10 14.100 241.030 68.030 93.890
6-14-2017-3-32-10 13.480 240.530 67.220 102.020
6-14-2017-3-33-10 12.800 240.430 69.280 99.270
6-14-2017-3-34-11 9.820 237.810 70.550 82.750
6-14-2017-3-35-11 14.320 241.560 65.520 85.130
6-14-2017-3-36-11 11.740 239.210 64.870 94.560
6-14-2017-3-37-11 14.450 241.870 64.700 96.960
6-14-2017-3-38-12 10.020 238.880 65.540 95.540
6-14-2017-3-39-13 10.320 238.730 61.940 99.450
6-14-2017-3-40-14 9.640 238.280 65.090 95.850
6-14-2017-3-41-14 15.840 242.320 67.410 97.730
6-14-2017-3-42-14 13.720 240.770 72.410 100.760
6-14-2017-3-43-15 8.670 236.510 71.100 91.930
6-14-2017-3-44-15 4.280 233.990 67.890 82.300
6-14-2017-3-45-15 5.230 235.160 69.050 95.420
6-14-2017-3-46-16 6.400 235.860 69.760 85.100
6-14-2017-3-47-16 12.840 240.230 67.610 84.840
6-14-2017-3-48-16 13.390 240.910 64.690 94.360
6-14-2017-3-49-16 12.570 239.280 64.260 98.830
6-14-2017-3-50-16 13.620 240.660 64.660 104.740
6-14-2017-3-51-17 14.510 241.090 64.140 106.260
6-14-2017-3-52-18 11.260 238.860 62.890 111.340
6-14-2017-3-53-19 10.190 238.240 63.430 108.510
6-14-2017-3-54-19 12.010 239.660 63.460 111.020
6-14-2017-3-55-19 10.940 239.170 64.730 111.110
6-14-2017-3-56-20 10.600 238.410 61.890 109.650
6-14-2017-3-57-20 12.090 239.220 60.750 111.660
6-14-2017-3-58-20 7.960 236.180 59.880 113.200
6-14-2017-3-59-20 4.970 233.880 57.920 114.220
6-14-2017-4-0-21 0.860 230.460 53.250 104.480
6-14-2017-4-1-21 2.670 231.760 54.950 109.370
6-14-2017-4-2-21 5.120 234.270 55.340 102.190
6-14-2017-4-3-22 8.430 236.020 57.540 100.980
6-14-2017-4-4-22 7.130 235.540 60.070 103.580
6-14-2017-4-5-22 10.430 238.270 58.380 111.790
6-14-2017-4-6-22 11.480 238.430 55.870 109.470
6-14-2017-4-7-23 10.360 237.980 58.690 112.070
6-14-2017-4-8-23 11.680 238.920 62.680 115.930
6-14-2017-4-9-23 10.730 238.260 67.200 123.570
6-14-2017-4-10-23 10.390 237.820 66.990 118.490
6-14-2017-4-11-23 9.360 236.950 68.890 122.300
6-14-2017-4-12-23 12.420 239.240 67.750 110.540
6-14-2017-4-13-23 9.980 237.130 68.060 122.320
6-14-2017-4-14-24 12.770 239.790 72.390 115.930
6-14-2017-4-15-24 11.320 238.800 71.650 120.050
6-14-2017-4-16-25 5.400 234.330 68.970 114.480
6-14-2017-4-17-25 7.520 235.700 71.160 116.620
6-14-2017-4-18-25 7.830 235.730 71.350 114.040
6-14-2017-4-19-26 8.750 236.870 70.370 117.790
6-14-2017-4-20-26 3.640 233.560 64.080 112.150
6-14-2017-4-21-27 6.620 235.400 64.350 106.960
6-14-2017-4-22-28 9.610 237.750 63.680 103.460
6-14-2017-4-23-28 5.720 234.980 61.140 102.760
6-14-2017-4-24-29 4.390 234.140 58.230 101.470
6-14-2017-4-25-29 7.450 236.080 54.840 105.150
6-14-2017-4-26-29 4.560 234.450 50.720 106.770
6-14-2017-4-27-29 5.610 235.110 49.370 102.910
6-14-2017-4-28-30 5.320 234.660 48.150 93.360
6-14-2017-4-29-31 7.490 235.870 46.460 90.970
6-14-2017-4-30-32 11.430 238.830 47.080 102.220
6-14-2017-4-31-33 12.320 239.280 49.500 104.270
6-14-2017-4-32-33 12.060 239.370 47.250 106.110
6-14-2017-4-33-33 13.990 239.990 48.840 105.340
6-14-2017-4-34-33 11.030 238.530 47.110 111.980
6-14-2017-4-35-33 14.330 240.310 48.960 122.400
6-14-2017-4-36-34 10.010 237.280 50.290 121.500
6-14-2017-4-37-34 8.620 236.070 48.130 118.990
6-14-2017-4-38-35 10.180 237.290 51.340 106.410
6-14-2017-4-39-35 11.710 238.490 46.150 120.420
6-14-2017-4-40-35 7.430 235.470 41.560 112.960
6-14-2017-4-41-36 8.940 236.480 45.350 108.450
6-14-2017-4-42-36 5.720 234.680 47.490 109.190
6-14-2017-4-43-36 7.010 235.160 45.190 105.420
6-14-2017-4-44-37 2.070 230.650 44.770 106.170
6-14-2017-4-45-37 3.820 232.900 45.490 107.910
6-14-2017-4-46-37 1.770 229.610 43.010 108.380
6-14-2017-4-47-38 7.790 235.780 45.740 113.230
6-14-2017-4-48-38 5.350 234.420 39.700 111.840
6-14-2017-4-49-38 5.840 234.790 43.580 114.510
6-14-2017-4-50-39 3.570 233.190 50.990 107.250
6-14-2017-4-51-39 4.660 234.000 48.210 107.360
6-14-2017-4-52-39 6.370 235.260 50.850 108.100
6-14-2017-4-53-40 6.360 235.250 49.280 108.060
6-14-2017-4-54-40 1.210 231.030 49.200 103.320
6-14-2017-4-55-41 6.540 234.980 52.730 109.610
6-14-2017-4-56-41 7.690 236.350 57.200 117.440
6-14-2017-4-57-42 5.520 234.640 52.710 109.850
6-14-2017-4-58-42 9.760 237.540 58.670 103.110
6-14-2017-4-59-42 7.490 236.340 51.670 110.450
6-14-2017-5-0-43 6.980 235.970 49.610 116.440
6-14-2017-5-1-43 2.850 233.350 46.850 123.400
6-14-2017-5-2-43 1.120 231.240 46.690 124.810
6-14-2017-5-3-44 4.940 234.590 49.150 121.160
6-14-2017-5-4-44 5.680 235.610 49.840 126.740
6-14-2017-5-5-44 1.740 232.910 52.130 125.560
6-14-2017-5-6-44 4.840 234.730 53.390 126.540
6-14-2017-5-7-44 5.160 235.000 51.170 137.640
6-14-2017-5-8-45 5.680 235.110 56.580 133.370
6-14-2017-5-9-45 8.900 237.060 51.840 122.900
6-14-2017-5-10-46 10.820 238.800 57.250 130.880
6-14-2017-5-11-46 11.050 238.550 56.380 122.360
6-14-2017-5-12-47 5.720 234.930 60.490 128.030
6-14-2017-5-13-48 8.630 236.560 56.250 139.000
6-14-2017-5-14-49 10.560 238.190 57.350 136.440
6-14-2017-5-15-49 8.430 236.840 54.190 131.970
6-14-2017-5-16-49 8.480 236.730 50.540 120.570
6-14-2017-5-17-49 10.050 237.740 47.110 114.770
6-14-2017-5-18-50 6.740 235.850 47.370 116.180
6-14-2017-5-19-51 9.880 237.790 52.090 121.660
6-14-2017-5-20-52 7.980 236.150 49.310 120.840
6-14-2017-5-21-52 8.340 236.480 53.880 125.320
6-14-2017-5-22-52 5.670 235.150 43.010 127.670
6-14-2017-5-23-52 7.970 236.090 48.040 134.040
6-14-2017-5-24-52 5.680 235.070 57.830 121.610
6-14-2017-5-25-53 7.810 235.750 57.890 118.200
6-14-2017-5-26-54 9.350 236.940 53.850 116.080
6-14-2017-5-27-54 7.430 235.210 50.970 124.620
6-14-2017-5-28-54 9.350 236.470 57.900 123.930
6-14-2017-5-29-54 9.380 236.660 54.030 124.080
6-14-2017-5-30-55 12.650 238.800 56.080 116.080
6-14-2017-5-31-55 11.650 238.330 57.680 119.150
6-14-2017-5-32-56 5.940 234.820 54.700 112.580
6-14-2017-5-33-56 5.360 234.370 56.490 109.870
6-14-2017-5-34-56 6.630 235.300 57.470 110.340
6-14-2017-5-35-57 10.130 237.470 62.330 110.690
6-14-2017-5-36-57 11.510 238.600 62.910 105.750
6-14-2017-5-37-58 12.990 239.520 66.960 109.700
6-14-2017-5-38-58 9.690 237.350 66.010 115.320
6-14-2017-5-39-58 8.410 236.300 66.340 113.890
6-14-2017-5-40-58 5.540 234.680 63.430 94.320
6-14-2017-5-41-59 8.720 236.710 64.800 99.730
6-14-2017-5-42-59 6.580 235.440 66.860 115.340
6-14-2017-5-44-1 7.990 236.070 65.550 124.700
6-14-2017-5-45-1 4.410 234.450 64.170 120.010
6-14-2017-5-46-1 1.290 230.360 60.040 108.890
6-14-2017-5-47-2 3.020 232.540 61.020 109.490
6-14-2017-5-48-2 1.400 231.430 62.360 112.310
6-14-2017-5-49-2 6.050 235.760 61.990 102.190
6-14-2017-5-50-2 5.850 235.660 61.740 104.380
6-14-2017-5-51-2 3.750 234.770 61.070 99.320
6-14-2017-5-52-3 8.500 237.100 61.860 108.040
6-14-2017-5-53-4 5.570 236.160 64.440 101.820
6-14-2017-5-54-5 0.950 232.080 62.160 97.490
6-14-2017-5-55-5 3.390 233.450 63.500 99.600
6-14-2017-5-56-5 6.430 235.760 62.720 102.230
6-14-2017-5-57-7 4.950 234.840 65.820 103.280
6-14-2017-5-58-7 1.760 232.400 66.220 102.440
6-14-2017-5-59-7 1.580 232.870 64.860 96.110
6-14-2017-6-0-7 0.310 229.890 62.990 98.390
6-14-2017-6-1-8 4.640 235.530 64.970 103.280
6-14-2017-6-2-8 1.690 234.040 60.590 97.530
6-14-2017-6-3-9 6.630 237.590 64.230 100.730
6-14-2017-6-4-9 8.710 241.030 67.350 94.190
6-14-2017-6-5-11 11.760 242.670 68.810 102.000
6-14-2017-6-6-11 7.200 237.000 62.540 89.290
6-14-2017-6-7-12 9.520 238.720 63.300 97.890
6-14-2017-6-8-12 7.710 237.240 67.100 89.340
6-14-2017-6-9-12 12.010 240.430 67.320 91.750
6-14-2017-6-10-12 7.530 236.810 64.790 84.860
6-14-2017-6-11-13 5.630 235.810 61.390 91.130
6-14-2017-6-12-13 2.230 234.500 58.190 86.250
6-14-2017-6-13-13 1.030 231.780 56.240 87.100
6-14-2017-6-14-14 3.070 234.210 59.090 103.070
6-14-2017-6-15-14 1.280 231.630 53.080 116.890
6-14-2017-6-16-14 0.210 228.980 58.270 114.320
6-14-2017-6-17-14 0.180 228.960 61.750 117.110
6-14-2017-6-18-15 3.050 232.650 64.480 115.560
6-14-2017-6-19-15 5.120 235.140 64.340 113.320
6-14-2017-6-20-15 3.990 234.650 64.140 114.180
6-14-2017-6-21-16 1.880 232.260 69.050 113.480
6-14-2017-6-22-16 0.910 231.340 73.780 116.790
6-14-2017-6-23-16 1.890 231.250 69.100 123.470
6-14-2017-6-24-16 1.070 230.820 68.410 136.460
6-14-2017-6-25-16 0.510 230.870 69.530 134.560
6-14-2017-6-26-17 0.240 229.000 72.290 137.750
6-14-2017-6-27-17 2.020 233.090 77.000 144.270
6-14-2017-6-28-17 2.680 233.280 70.230 133.110
6-14-2017-6-29-17 6.220 235.380 69.340 121.760
6-14-2017-6-30-17 7.690 236.350 62.110 127.580
6-14-2017-6-31-18 9.120 237.690 66.820 129.060
6-14-2017-6-32-18 10.300 238.700 57.740 122.470
6-14-2017-6-33-18 9.970 238.450 53.550 122.030
6-14-2017-6-34-19 10.080 238.470 62.270 133.900
6-14-2017-6-35-19 12.050 239.750 67.900 130.900
6-14-2017-6-36-20 9.990 238.520 63.970 141.540
6-14-2017-6-37-20 3.700 234.240 55.320 134.980
6-14-2017-6-38-20 1.840 231.690 53.040 126.180
6-14-2017-6-39-20 3.920 234.030 58.430 126.000
6-14-2017-6-40-21 1.860 232.010 57.570 125.620
6-14-2017-6-41-21 0.000 225.910 55.070 130.930
6-14-2017-6-42-22 1.110 231.740 53.330 129.930
6-14-2017-6-43-22 2.080 232.640 52.760 128.200
6-14-2017-6-44-22 0.700 230.870 52.250 127.220
6-14-2017-6-45-23 4.300 234.240 52.230 132.760
6-14-2017-6-46-23 0.810 230.870 50.050 130.780
6-14-2017-6-47-23 2.920 233.200 49.110 125.240
6-14-2017-6-48-23 1.830 231.860 54.970 114.950
6-14-2017-6-49-24 3.990 232.910 50.920 113.300
6-14-2017-6-50-24 5.190 234.500 47.400 122.060
6-14-2017-6-51-24 5.060 234.600 50.190 125.720
6-14-2017-6-52-25 7.310 235.890 49.780 116.510
6-14-2017-6-53-25 6.660 235.280 50.860 120.940
6-14-2017-6-54-25 5.360 234.920 50.750 110.210
6-14-2017-6-55-26 8.370 236.210 48.120 116.830
6-14-2017-6-56-27 5.360 234.270 51.360 112.530
6-14-2017-6-57-27 5.080 234.090 47.610 111.400
6-14-2017-6-58-28 3.070 232.510 46.890 115.990
6-14-2017-6-59-28 5.740 234.720 50.230 119.390
6-14-2017-7-0-28 5.220 234.390 58.030 111.140
6-14-2017-7-1-28 4.600 233.590 56.130 115.050
6-14-2017-7-2-29 5.550 234.970 59.450 115.730
6-14-2017-7-3-29 11.310 238.450 59.600 115.490
6-14-2017-7-4-29 11.470 238.690 64.150 116.570
6-14-2017-7-5-30 12.590 240.090 62.270 129.830
6-14-2017-7-6-30 9.420 237.660 62.080 118.030
6-14-2017-7-7-31 7.460 235.520 61.140 131.500
6-14-2017-7-8-31 10.000 237.600 65.050 124.610
6-14-2017-7-9-32 9.720 237.410 63.040 120.190
6-14-2017-7-10-32 6.440 235.120 59.930 120.140
6-14-2017-7-11-32 4.510 234.460 60.400 123.980
6-14-2017-7-12-32 5.740 234.250 65.230 109.950
6-14-2017-7-13-33 3.890 231.760 66.940 116.140
6-14-2017-7-14-35 3.690 233.090 67.070 116.500
6-14-2017-7-15-35 4.480 234.200 63.210 112.580
6-14-2017-7-16-35 1.100 230.380 62.290 115.630
6-14-2017-7-17-35 1.440 230.280 62.470 127.160
6-14-2017-7-18-35 2.900 231.880 63.100 118.960
6-14-2017-7-19-36 0.870 230.270 64.270 110.090
6-14-2017-7-20-37 0.810 229.670 58.870 116.440
6-14-2017-7-21-37 7.320 235.250 63.960 116.980
6-14-2017-7-22-38 5.010 234.440 63.100 110.820
6-14-2017-7-23-38 9.320 236.610 64.100 114.900
6-14-2017-7-24-38 3.500 232.230 61.380 108.610
6-14-2017-7-25-38 6.620 235.110 64.470 117.200
6-14-2017-7-26-39 7.130 234.900 66.580 111.260
6-14-2017-7-27-39 1.350 230.460 64.040 111.090
6-14-2017-7-28-40 2.800 231.100 65.410 112.700
6-14-2017-7-29-40 2.730 231.670 66.410 119.910
6-14-2017-7-30-41 0.540 227.470 64.260 109.960
6-14-2017-7-31-41 0.240 228.090 64.260 110.840
6-14-2017-7-32-42 0.030 227.220 63.720 112.470
6-14-2017-7-33-42 2.390 230.790 61.780 116.820
6-14-2017-7-34-42 4.080 232.570 61.220 114.350
6-14-2017-7-35-43 4.160 232.510 64.500 120.630
6-14-2017-7-36-43 7.550 235.090 66.030 113.300
6-14-2017-7-37-43 7.740 235.470 66.490 110.880
6-14-2017-7-38-44 10.400 237.590 67.750 111.570
6-14-2017-7-39-44 9.730 236.980 65.480 114.890
6-14-2017-7-40-45 5.810 234.510 65.670 120.920
6-14-2017-7-41-45 6.690 235.050 69.180 113.430
6-14-2017-7-42-45 7.230 235.100 74.420 113.890
6-14-2017-7-43-45 9.620 236.070 68.860 109.130
6-14-2017-7-44-46 9.190 236.000 75.190 121.820
6-14-2017-7-45-47 10.300 237.210 77.480 112.630
6-14-2017-7-46-47 9.900 236.620 81.780 116.010
6-14-2017-7-47-47 7.890 235.370 77.890 119.540
6-14-2017-7-48-48 3.960 232.720 75.620 112.360
6-14-2017-7-49-48 1.420 230.310 73.500 114.240
6-14-2017-7-50-49 4.970 233.500 71.940 117.940
6-14-2017-7-51-49 1.010 228.680 69.920 111.070
6-14-2017-7-52-49 2.660 231.530 69.950 111.960
6-14-2017-7-53-50 2.680 231.070 73.830 113.080
6-14-2017-7-54-50 0.290 228.300 72.130 119.290
6-14-2017-7-55-51 0.370 228.640 76.100 125.440
6-14-2017-7-56-51 1.720 229.040 78.700 121.000
6-14-2017-7-57-52 1.680 230.550 74.220 123.990
6-14-2017-7-58-52 3.360 231.950 74.110 112.690
6-14-2017-7-59-52 1.350 229.580 72.070 114.470
6-14-2017-8-0-52 0.930 229.290 69.950 120.910
6-14-2017-8-1-52 0.030 225.840 70.470 111.600
6-14-2017-8-2-53 4.960 233.470 71.900 113.140
6-14-2017-8-3-53 9.390 236.400 78.740 111.410
6-14-2017-8-4-54 7.030 235.330 75.930 111.870
6-14-2017-8-5-54 1.770 230.380 74.210 109.830
6-14-2017-8-6-54 0.320 228.800 75.320 117.890
6-14-2017-8-7-54 0.000 226.440 84.570 113.000
6-14-2017-8-8-54 0.000 225.170 85.200 109.780
6-14-2017-8-9-55 0.220 229.200 86.590 112.780
6-14-2017-8-10-55 4.580 232.700 84.480 107.230
6-14-2017-8-11-56 7.160 235.300 85.270 116.670
6-14-2017-8-12-56 4.170 232.810 82.070 121.560
6-14-2017-8-13-56 0.330 229.960 78.000 118.930
6-14-2017-8-14-57 0.690 229.820 75.800 124.530
6-14-2017-8-15-58 2.190 230.130 79.160 111.900
6-14-2017-8-16-58 4.840 233.600 79.450 121.420
6-14-2017-8-17-59 1.500 230.310 76.720 110.680
6-14-2017-8-18-59 4.880 233.780 75.530 112.700
6-14-2017-8-19-59 5.240 234.630 76.620 111.980
6-14-2017-8-20-59 2.510 231.530 75.490 106.570
6-14-2017-8-22-0 1.680 230.880 72.570 113.070
6-14-2017-8-23-0 3.390 232.480 70.410 112.030
6-14-2017-8-24-0 3.710 232.450 74.170 112.410
6-14-2017-8-25-0 0.340 229.610 72.600 111.970
6-14-2017-8-26-0 0.110 227.680 72.940 116.340
6-14-2017-8-27-0 0.090 226.760 75.250 127.510
6-14-2017-8-28-1 0.030 227.670 74.500 106.980
6-14-2017-8-29-1 0.000 224.210 71.800 109.240
6-14-2017-8-30-1 0.000 222.400 70.570 112.240
6-14-2017-8-31-2 0.000 222.120 70.550 119.700
6-14-2017-8-32-2 0.000 221.220 69.860 120.540
6-14-2017-8-33-2 0.000 223.460 64.380 117.220
6-14-2017-8-34-2 0.030 227.790 65.790 110.570
6-14-2017-8-35-2 0.490 229.520 67.500 109.370
6-14-2017-8-36-2 0.030 226.740 68.440 112.550
6-14-2017-8-37-3 0.000 226.210 64.780 125.900
6-14-2017-8-38-3 0.000 223.960 68.310 116.890
6-14-2017-8-39-3 0.010 225.810 63.750 105.710
6-14-2017-8-40-3 0.000 225.790 64.890 114.920
6-14-2017-8-41-4 0.150 228.580 67.450 107.380
6-14-2017-8-42-4 0.200 228.450 67.130 109.750
6-14-2017-8-43-5 5.070 235.010 67.120 108.410
6-14-2017-8-44-5 3.280 233.100 69.220 109.320
6-14-2017-8-45-6 4.800 234.510 65.740 109.520
6-14-2017-8-46-6 3.820 234.020 66.110 112.490
6-14-2017-8-47-7 2.250 231.880 68.920 109.440
6-14-2017-8-48-8 0.120 227.720 69.160 105.220
6-14-2017-8-49-8 0.020 227.490 71.390 111.260
6-14-2017-8-50-9 0.270 229.480 75.620 107.640
6-14-2017-8-51-10 0.030 226.520 73.480 111.030
6-14-2017-8-52-10 0.010 227.020 77.850 111.380
6-14-2017-8-53-10 0.000 225.030 75.910 104.590
6-14-2017-8-54-11 0.000 222.510 70.880 112.090
6-14-2017-8-55-11 0.000 222.040 70.600 107.030
6-14-2017-8-56-12 0.000 224.160 69.230 108.200
6-14-2017-8-57-12 0.830 228.690 76.410 109.880
6-14-2017-8-58-13 0.290 228.990 77.580 107.220
6-14-2017-8-59-13 0.000 225.440 77.910 104.540
6-14-2017-9-0-13 0.000 223.970 78.900 103.530
6-14-2017-9-1-14 0.100 229.280 79.330 102.330
6-14-2017-9-2-14 0.060 224.530 73.790 102.580
6-14-2017-9-3-14 0.000 222.020 68.170 100.530
6-14-2017-9-4-14 0.000 223.880 69.510 96.960
6-14-2017-9-5-14 0.000 223.020 68.090 99.600
6-14-2017-9-6-14 0.000 226.610 72.270 111.900
6-14-2017-9-7-15 0.010 228.050 65.490 100.740
6-14-2017-9-8-15 0.320 229.260 59.300 99.230
6-14-2017-9-9-16 0.080 226.920 56.520 100.730
6-14-2017-9-10-16 2.030 232.100 64.020 101.720
6-14-2017-9-11-17 0.030 226.980 65.780 104.790
6-14-2017-9-12-18 0.020 226.790 66.830 99.540
6-14-2017-9-13-18 0.950 228.950 66.850 97.120
6-14-2017-9-14-18 7.580 235.630 67.790 104.000
6-14-2017-9-15-19 8.400 236.310 68.280 102.080
6-14-2017-9-16-19 3.310 230.480 66.270 98.700
6-14-2017-9-17-20 0.950 229.070 65.890 96.570
6-14-2017-9-18-20 0.880 229.280 66.640 94.660
6-14-2017-9-19-20 0.000 222.190 70.260 95.390
6-14-2017-9-20-20 0.000 224.670 70.720 105.160
6-14-2017-9-21-20 0.010 223.960 67.320 99.900
6-14-2017-9-22-21 0.000 223.300 67.370 97.850
6-14-2017-9-23-21 0.000 223.400 69.500 102.300
6-14-2017-9-24-21 0.000 224.630 68.110 102.370
6-14-2017-9-25-22 0.000 222.320 71.530 97.010
6-14-2017-9-26-22 0.000 219.280 69.760 100.300
6-14-2017-9-27-23 0.000 226.180 71.130 110.170
6-14-2017-9-28-24 0.020 226.710 72.110 102.310
6-14-2017-9-29-25 0.000 226.980 71.040 102.920
6-14-2017-9-30-25 0.000 224.310 72.040 103.040
6-14-2017-9-31-26 0.000 223.590 73.900 100.540
6-14-2017-9-32-26 0.170 227.960 73.980 108.160
6-14-2017-9-33-26 0.000 219.610 71.720 104.950
6-14-2017-9-34-27 0.000 219.900 70.410 103.200
6-14-2017-9-35-27 0.000 220.890 69.620 100.450
6-14-2017-9-36-27 0.000 223.800 72.650 102.750
6-14-2017-9-37-28 0.000 223.020 72.640 100.000
6-14-2017-9-38-28 0.070 227.820 73.450 101.180
6-14-2017-9-39-29 2.880 230.230 70.590 99.690
6-14-2017-9-40-29 1.750 230.210 73.270 104.560
6-14-2017-9-41-29 2.180 230.780 73.750 108.780
6-14-2017-9-42-30 0.880 228.770 70.200 111.990
6-14-2017-9-43-30 3.510 231.360 83.040 104.280
6-14-2017-9-44-30 2.900 231.280 76.940 102.990
6-14-2017-9-45-31 4.010 232.130 71.070 103.940
6-14-2017-9-46-32 1.170 229.850 72.100 99.040
6-14-2017-9-47-32 0.360 229.200 70.160 95.200
6-14-2017-9-48-32 0.900 228.250 65.120 98.060
6-14-2017-9-49-33 0.000 223.980 67.880 93.270
6-14-2017-9-50-33 0.000 219.580 67.830 101.960
6-14-2017-9-51-34 0.000 221.680 64.590 96.870
6-14-2017-9-52-34 0.000 224.010 67.460 93.090
6-14-2017-9-53-35 0.000 219.100 64.720 96.890
6-14-2017-9-54-36 0.020 224.670 60.120 94.720
6-14-2017-9-55-36 0.010 225.000 60.260 106.660
6-14-2017-9-56-36 0.000 222.990 64.590 98.950
6-14-2017-9-57-36 0.000 222.200 65.190 99.550
6-14-2017-9-58-38 0.770 228.920 60.780 96.430
6-14-2017-9-59-38 0.130 228.640 60.060 99.930
6-14-2017-10-0-38 0.010 224.140 58.560 97.740
6-14-2017-10-1-39 0.000 224.840 56.620 87.430
6-14-2017-10-2-39 0.150 228.060 62.640 91.920
6-14-2017-10-3-40 0.860 227.830 71.490 90.650
6-14-2017-10-4-40 2.200 230.610 64.070 85.590
6-14-2017-10-5-40 0.010 225.610 56.800 94.120
6-14-2017-10-6-40 0.110 226.110 60.490 92.500
6-14-2017-10-7-40 0.050 225.510 64.260 91.950
6-14-2017-10-8-40 0.020 222.610 68.840 91.480
6-14-2017-10-9-41 0.010 225.800 75.850 93.050
6-14-2017-10-10-42 0.000 223.840 74.080 77.140
6-14-2017-10-11-42 0.000 223.090 76.950 82.790
6-14-2017-10-12-42 0.070 225.950 73.990 78.960
6-14-2017-10-13-42 0.000 220.320 71.240 84.890
6-14-2017-10-14-43 0.000 220.270 74.730 74.740
6-14-2017-10-15-44 0.000 218.590 75.130 86.020
6-14-2017-10-16-44 0.000 222.340 72.640 86.290
6-14-2017-10-17-45 0.000 224.240 69.440 83.830
6-14-2017-10-18-45 0.060 225.460 69.460 80.590
6-14-2017-10-19-45 0.000 222.530 72.260 87.090
6-14-2017-10-20-45 0.000 220.660 72.500 82.320
6-14-2017-10-21-45 0.130 225.800 68.700 85.600
6-14-2017-10-22-46 0.410 227.450 65.230 94.440
6-14-2017-10-23-46 1.260 226.810 73.230 71.360
6-14-2017-10-24-46 0.000 222.190 73.750 81.560
6-14-2017-10-25-46 0.000 222.730 70.840 75.990
6-14-2017-10-26-47 0.000 218.330 63.480 75.840
6-14-2017-10-27-47 0.000 221.690 59.000 78.060
6-14-2017-10-28-48 0.000 223.620 59.420 63.240
6-14-2017-10-29-48 0.000 225.260 62.750 89.640
6-14-2017-10-30-48 0.000 224.560 59.300 84.470
6-14-2017-10-31-49 0.110 225.390 57.680 79.180
6-14-2017-10-32-49 0.110 226.020 58.020 83.130
6-14-2017-10-33-49 1.720 229.820 61.510 72.760
6-14-2017-10-34-50 0.220 227.780 66.100 84.180
6-14-2017-10-35-50 2.850 229.750 67.260 70.220
6-14-2017-10-36-50 4.990 231.240 66.070 72.840
6-14-2017-10-37-50 1.480 229.580 64.640 73.520
6-14-2017-10-38-51 0.130 226.370 59.500 52.000
6-14-2017-10-39-51 0.770 227.990 60.220 55.350
6-14-2017-10-40-52 0.960 228.300 58.730 71.510
6-14-2017-10-41-52 0.170 226.090 55.140 75.310
6-14-2017-10-42-53 0.000 224.960 68.310 72.430
6-14-2017-10-43-54 0.140 225.630 65.610 82.150
6-14-2017-10-44-54 0.000 221.910 67.950 88.320
6-14-2017-10-45-54 0.030 223.140 66.480 94.220
6-14-2017-10-46-55 0.040 225.810 66.090 85.590
6-14-2017-10-47-56 0.170 225.800 68.370 80.420
6-14-2017-10-48-57 1.490 228.850 72.380 82.280
6-14-2017-10-49-57 1.510 229.050 72.800 89.540
6-14-2017-10-50-58 2.310 228.530 74.030 95.520
6-14-2017-10-51-58 0.370 226.420 70.950 98.020
6-14-2017-10-52-58 0.070 225.290 71.810 95.810
6-14-2017-10-53-59 0.190 226.290 69.730 88.600
6-14-2017-10-54-59 1.040 228.300 70.490 90.630
6-14-2017-10-56-0 0.430 227.010 63.920 91.980
6-14-2017-10-57-1 1.840 228.690 62.810 98.330
6-14-2017-10-58-2 0.360 223.740 67.290 89.210
6-14-2017-10-59-2 1.220 227.670 65.050 94.130
6-14-2017-11-0-3 1.260 227.470 66.830 79.200
6-14-2017-11-1-4 0.340 226.740 60.910 76.820
6-14-2017-11-2-5 0.490 225.460 65.710 96.880
6-14-2017-11-3-6 0.440 224.700 60.120 86.010
6-14-2017-11-4-7 0.110 224.870 57.160 82.070
6-14-2017-11-5-8 0.040 221.710 63.130 80.250
6-14-2017-11-6-8 0.550 227.470 65.060 69.780
6-14-2017-11-7-8 0.000 222.760 63.760 69.530
6-14-2017-11-8-9 0.000 221.070 73.990 58.550
6-14-2017-11-9-9 0.000 222.510 67.670 61.100
6-14-2017-11-10-10 0.000 221.350 59.390 84.890
6-14-2017-11-11-10 0.000 219.240 64.160 60.360
6-14-2017-11-12-10 0.030 224.120 66.640 54.180
6-14-2017-11-13-11 0.040 224.390 63.810 60.970
6-14-2017-11-14-11 0.000 222.430 67.690 67.570
6-14-2017-11-15-12 0.000 221.440 67.980 61.000
6-14-2017-11-16-13 0.000 222.390 72.110 72.260
6-14-2017-11-17-14 0.000 222.630 70.300 62.090
6-14-2017-11-18-15 0.170 224.630 68.450 69.730
6-14-2017-11-19-15 4.090 229.800 73.930 66.250
6-14-2017-11-20-15 3.000 228.720 74.470 60.430
6-14-2017-11-21-16 4.500 230.010 76.780 57.070
6-14-2017-11-22-16 0.950 227.100 79.790 56.290
6-14-2017-11-23-17 0.320 225.780 78.480 66.400
6-14-2017-11-24-17 0.090 223.480 77.230 76.760
6-14-2017-11-25-17 0.690 225.330 76.040 74.640
6-14-2017-11-26-18 1.730 227.450 77.220 74.830
6-14-2017-11-27-19 1.750 228.970 77.500 79.040
6-14-2017-11-28-20 0.150 225.490 81.610 71.090
6-14-2017-11-29-20 0.000 223.330 81.750 71.110
6-14-2017-11-30-21 0.070 224.170 81.200 71.420
6-14-2017-11-31-21 0.000 222.170 79.840 80.040
6-14-2017-11-32-22 0.050 223.930 76.400 81.330
6-14-2017-11-33-22 0.030 222.330 75.080 78.440
6-14-2017-11-34-22 0.130 225.210 71.020 73.290
6-14-2017-11-35-23 0.540 225.670 65.020 71.460
6-14-2017-11-36-23 0.330 225.100 63.300 64.520
6-14-2017-11-37-24 0.090 224.590 63.130 72.280
6-14-2017-11-38-24 0.710 225.730 56.850 72.940
6-14-2017-11-39-25 1.870 226.200 59.500 66.560
6-14-2017-11-40-25 1.580 226.130 65.510 67.010
6-14-2017-11-41-26 0.960 224.690 67.650 67.920
6-14-2017-11-42-26 0.000 221.820 63.520 68.260
6-14-2017-11-43-27 0.030 221.150 65.640 75.380
6-14-2017-11-44-27 0.200 224.280 69.670 78.570
6-14-2017-11-45-28 0.000 220.540 65.950 83.910
6-14-2017-11-46-28 0.000 219.150 68.820 82.500
6-14-2017-11-47-29 0.000 219.850 68.450 74.240
6-14-2017-11-48-29 0.000 214.080 68.680 72.990
6-14-2017-11-49-29 0.000 216.720 70.620 75.510
6-14-2017-11-50-30 0.010 220.200 74.440 80.440
6-14-2017-11-51-30 0.070 220.510 73.900 84.660
6-14-2017-11-52-30 0.000 218.130 70.410 77.990
6-14-2017-11-53-30 0.000 218.420 76.190 76.950
6-14-2017-11-54-30 0.000 217.350 73.210 61.710
6-14-2017-11-55-30 0.000 214.180 64.760 71.150
6-14-2017-11-56-32 0.000 218.200 62.450 69.090
6-14-2017-11-57-32 0.000 218.870 61.870 63.940
6-14-2017-11-58-32 1.250 224.540 63.460 61.640
6-14-2017-11-59-33 0.000 218.130 67.320 63.630
6-14-2017-12-0-34 0.040 220.830 74.150 60.330
6-14-2017-12-1-34 0.000 221.010 69.230 64.860
6-14-2017-12-2-34 0.000 217.930 67.290 75.590
6-14-2017-12-3-35 0.040 220.830 65.300 69.510
6-14-2017-12-4-35 0.170 221.660 67.230 71.720
6-14-2017-12-5-35 0.020 214.730 66.420 75.440
6-14-2017-12-6-37 0.510 221.170 69.770 70.160
6-14-2017-12-7-37 0.000 218.830 63.890 72.670
6-14-2017-12-8-37 0.030 220.180 69.560 72.800
6-14-2017-12-9-38 0.710 223.500 74.250 72.130
6-14-2017-12-10-38 0.340 222.420 81.010 72.230
6-14-2017-12-11-39 0.820 223.800 80.060 75.190
6-14-2017-12-12-40 1.690 223.710 79.640 76.030
6-14-2017-12-13-40 0.000 219.880 74.850 72.060
6-14-2017-12-14-40 0.140 219.910 72.830 79.130
6-14-2017-12-15-40 0.290 223.080 72.820 77.880
6-14-2017-12-16-40 3.880 226.050 69.900 78.340
6-14-2017-12-17-41 0.570 222.380 69.290 72.250
6-14-2017-12-18-41 0.000 219.540 65.860 76.630
6-14-2017-12-19-41 0.030 218.350 63.760 86.350
6-14-2017-12-20-42 0.500 221.970 64.190 76.880
6-14-2017-12-21-42 0.000 219.720 58.510 74.130
6-14-2017-12-22-42 0.010 219.450 58.900 77.410
6-14-2017-12-23-43 0.240 221.540 60.350 68.360
6-14-2017-12-24-43 0.100 220.500 59.410 72.530
6-14-2017-12-25-43 0.410 223.210 63.460 68.480
6-14-2017-12-26-44 3.310 224.960 71.010 77.130
6-14-2017-12-27-44 0.870 222.750 70.990 79.120
6-14-2017-12-28-45 0.610 222.440 65.200 82.170
6-14-2017-12-29-46 0.410 222.300 67.560 82.030
6-14-2017-12-30-47 0.290 220.650 63.680 76.590
6-14-2017-12-31-48 3.560 224.750 64.340 82.660
6-14-2017-12-32-48 0.280 220.630 57.920 86.580
6-14-2017-12-33-48 0.200 220.340 64.030 80.360
6-14-2017-12-34-49 2.750 223.630 62.260 79.620
6-14-2017-12-35-50 0.950 221.450 67.360 71.670
6-14-2017-12-36-51 0.440 219.940 67.530 76.850
6-14-2017-12-37-51 1.150 221.800 67.950 85.830
6-14-2017-12-38-51 0.150 220.010 78.440 82.010
6-14-2017-12-39-52 0.280 219.420 80.410 87.470
6-14-2017-12-40-52 0.700 220.470 80.600 98.220
6-14-2017-12-41-52 0.250 218.750 85.700 85.890
6-14-2017-12-42-53 0.010 217.660 89.780 88.990
6-14-2017-12-43-53 0.070 217.820 89.640 79.210
6-14-2017-12-44-53 0.000 216.730 84.380 95.410
6-14-2017-12-45-53 0.000 216.270 80.080 98.790
6-14-2017-12-46-54 0.000 215.200 73.250 101.120
6-14-2017-12-47-54 0.000 214.750 72.260 83.130
6-14-2017-12-48-55 0.000 213.050 71.650 83.600
6-14-2017-12-49-55 0.000 211.790 70.750 81.120
6-14-2017-12-50-56 0.000 215.240 69.480 75.220
6-14-2017-12-51-57 0.000 217.190 76.480 70.220
6-14-2017-12-52-57 0.000 217.850 76.430 70.020
6-14-2017-12-53-57 0.060 217.890 75.750 78.120
6-14-2017-12-54-58 0.000 216.120 75.900 77.270
6-14-2017-12-55-58 0.000 213.230 78.480 71.640
6-14-2017-12-56-59 0.170 218.010 77.130 80.390
6-14-2017-12-57-59 0.260 219.960 75.880 75.290
6-14-2017-12-58-59 0.000 213.670 75.520 84.620
6-14-2017-13-0-0 0.000 215.820 77.040 57.650
6-14-2017-13-1-0 0.110 218.460 76.990 65.930
6-14-2017-13-2-0 0.000 216.000 77.150 74.300
6-14-2017-13-3-2 0.030 217.320 75.380 74.140
6-14-2017-13-4-2 0.000 214.550 74.740 64.740
6-14-2017-13-5-3 0.020 215.900 68.030 61.210
6-14-2017-13-6-3 0.000 214.450 67.050 70.880
6-14-2017-13-7-3 0.000 215.080 68.790 88.980
6-14-2017-13-8-4 0.010 217.320 64.490 74.010
6-14-2017-13-9-4 0.010 216.940 62.970 87.200
6-14-2017-13-10-5 0.010 215.630 65.780 85.630
6-14-2017-13-11-5 0.000 217.270 70.510 87.860
6-14-2017-13-12-6 0.050 218.200 70.250 75.230
6-14-2017-13-13-6 0.000 217.310 66.130 80.850
6-14-2017-13-14-7 1.250 221.490 70.300 84.490
6-14-2017-13-15-7 0.000 215.820 70.880 85.830
6-14-2017-13-16-7 0.170 217.240 72.540 95.050
6-14-2017-13-17-7 0.130 218.090 68.410 82.200
6-14-2017-13-18-7 0.040 216.030 70.420 91.300
6-14-2017-13-19-8 0.000 215.880 68.030 97.060
6-14-2017-13-20-10 0.000 214.310 70.930 86.500
6-14-2017-13-21-10 0.000 212.700 71.220 83.930
6-14-2017-13-22-10 0.000 213.970 70.220 93.760
6-14-2017-13-23-10 0.000 213.370 72.330 89.200
6-14-2017-13-24-12 0.000 214.320 70.160 87.830
6-14-2017-13-25-12 0.000 213.430 71.470 80.320
6-14-2017-13-26-12 0.250 219.360 68.900 82.630
6-14-2017-13-27-13 0.340 214.220 67.550 87.190
6-14-2017-13-28-13 0.000 215.780 68.420 101.480
6-14-2017-13-29-13 0.050 215.690 66.450 105.160
6-14-2017-13-30-13 0.650 217.720 67.980 92.320
6-14-2017-13-31-14 0.000 214.010 63.500 94.220
6-14-2017-13-32-14 0.000 213.030 64.620 95.730
6-14-2017-13-33-15 0.030 217.100 67.060 84.910
6-14-2017-13-34-15 0.000 212.940 66.070 97.360
6-14-2017-13-35-15 0.020 216.220 64.460 90.190
6-14-2017-13-36-15 0.000 214.320 62.340 81.790
6-14-2017-13-37-16 0.000 213.650 59.440 89.880
6-14-2017-13-38-16 0.000 214.850 60.180 93.940
6-14-2017-13-39-18 0.000 216.120 62.250 91.400
6-14-2017-13-40-18 0.000 214.720 61.300 79.960
6-14-2017-13-41-18 0.000 215.480 58.830 82.190
6-14-2017-13-42-19 0.010 217.310 63.900 79.900
6-14-2017-13-43-19 0.310 218.020 66.880 72.950
6-14-2017-13-44-20 0.000 215.310 63.500 87.520
6-14-2017-13-45-21 0.000 212.830 63.970 78.180
6-14-2017-13-46-21 0.070 216.950 63.440 81.080
6-14-2017-13-47-22 0.030 215.300 65.170 95.420
6-14-2017-13-48-22 0.000 214.950 65.620 81.270
6-14-2017-13-49-22 0.000 213.340 59.390 86.350
6-14-2017-13-50-22 0.000 212.230 63.230 82.550
6-14-2017-13-51-23 0.000 213.930 65.730 90.730
6-14-2017-13-52-23 0.000 214.550 63.880 83.390
6-14-2017-13-53-24 0.000 211.450 61.310 79.830
6-14-2017-13-54-24 0.000 213.490 64.380 82.830
6-14-2017-13-55-25 0.000 214.350 62.680 77.680
6-14-2017-13-56-25 0.000 212.790 61.210 77.550
6-14-2017-13-57-25 0.000 212.720 60.900 77.550
6-14-2017-13-58-26 0.110 215.320 62.410 82.970
6-14-2017-13-59-26 0.000 213.540 61.760 77.190
6-14-2017-14-0-27 0.230 216.370 63.540 77.920
6-14-2017-14-1-27 0.640 217.710 58.970 67.210
6-14-2017-14-2-28 0.000 215.340 61.840 71.670
6-14-2017-14-3-29 0.030 215.140 61.050 71.940
6-14-2017-14-4-30 0.010 215.820 63.830 67.230
6-14-2017-14-5-30 0.010 212.870 63.630 66.910
6-14-2017-14-6-30 0.030 215.260 65.260 72.080
6-14-2017-14-7-30 0.000 209.490 62.200 74.060
6-14-2017-14-8-31 0.080 215.490 59.430 72.050
6-14-2017-14-9-31 0.050 215.920 61.210 88.330
6-14-2017-14-10-31 0.270 216.290 60.910 85.310
6-14-2017-14-11-32 0.010 211.420 59.810 79.130
6-14-2017-14-12-32 0.150 216.060 62.290 82.760
6-14-2017-14-13-32 0.020 213.980 64.190 94.430
6-14-2017-14-14-33 0.000 212.670 58.630 82.940
6-14-2017-14-15-34 0.000 212.570 61.930 83.570
6-14-2017-14-16-35 0.060 214.370 59.690 86.570
6-14-2017-14-17-35 0.000 213.090 61.460 83.100
6-14-2017-14-18-35 0.140 215.180 58.760 82.810
6-14-2017-14-19-35 0.050 215.100 56.990 87.440
6-14-2017-14-20-35 0.000 211.270 56.560 81.330
6-14-2017-14-21-36 0.050 215.220 62.620 77.680
6-14-2017-14-22-37 0.020 211.780 64.120 83.390
6-14-2017-14-23-37 0.120 215.180 64.420 80.560
6-14-2017-14-24-37 0.020 211.400 58.900 74.650
6-14-2017-14-25-37 0.000 210.320 51.180 75.520
6-14-2017-14-26-38 0.000 210.140 53.010 70.560
6-14-2017-14-27-38 0.040 213.680 56.650 73.170
6-14-2017-14-28-38 0.000 210.180 57.120 78.110
6-14-2017-14-29-39 0.000 209.170 57.580 77.180
6-14-2017-14-30-40 0.000 209.560 53.910 75.720
6-14-2017-14-31-40 0.060 211.710 53.670 73.390
6-14-2017-14-32-40 0.010 211.940 56.290 70.990
6-14-2017-14-33-40 0.000 210.750 58.260 66.070
6-14-2017-14-34-41 0.000 210.060 59.480 73.330
6-14-2017-14-35-41 0.030 210.670 60.520 73.030
6-14-2017-14-36-42 0.000 212.780 59.810 79.800
6-14-2017-14-37-42 0.000 214.510 60.960 73.550
6-14-2017-14-38-42 0.060 213.870 61.060 72.920
6-14-2017-14-39-43 1.140 216.710 63.470 65.790
6-14-2017-14-40-43 0.280 215.340 61.390 60.040
6-14-2017-14-41-43 0.390 215.160 63.050 51.910
6-14-2017-14-42-44 0.020 212.420 63.430 44.410
6-14-2017-14-43-44 0.020 211.190 62.420 51.380
6-14-2017-14-44-45 0.080 211.620 61.220 49.210
6-14-2017-14-45-45 0.040 212.740 58.180 57.390
6-14-2017-14-46-46 0.000 209.070 62.470 51.890
6-14-2017-14-47-46 0.000 208.600 62.350 58.510
6-14-2017-14-48-47 0.000 207.410 60.030 60.420
6-14-2017-14-49-47 0.020 210.490 63.760 50.020
6-14-2017-14-50-48 0.000 209.290 61.040 47.920
6-14-2017-14-51-49 0.000 210.260 61.670 53.550
